mass_1_source mass_2_source a_1 a_2 spin_1x spin_2x spin_1y spin_2y spin_1z spin_2z cos_tilt_1 cos_tilt_2 phi_1 phi_2 phi_12 eccentricity mean_anomaly redshift ra dec detection_time cos_iota psi phi_orb mass_1_detector mass_2_detector luminosity_distance
1.066774559e+01 8.201940536e+00 2.380560935e-01 4.836001992e-01 -1.135945842e-01 2.062038332e-02 3.081096411e-01 1.000853721e-02 -7.637133449e-02 -2.657204270e-01 -5.310981274e-01 3.290951252e-01 5.040714890e-02 1.492937803e+00 4.637454033e+00 1.123229489e-01 5.264193058e+00 1.789609343e-01 2.664568186e+00 -6.289846897e-01 3.232789795e+03 5.939002037e-01 7.171704769e-01 2.307470560e+00 1.257685531e+01 9.669767478e+00 8.939352721e+02
7.668103790e+01 4.908473587e+01 5.290500447e-02 6.555176973e-01 2.868103087e-01 6.109994650e-02 -1.138579473e-01 -1.164707318e-01 6.281311065e-02 -3.798902035e-01 7.288370132e-01 -9.271383286e-01 5.019322872e+00 5.473004818e+00 4.027917385e+00 8.617462963e-02 1.143169999e+00 8.750972152e-01 6.094156742e+00 -8.351128101e-01 3.636922607e+03 4.976975918e-01 1.737721682e+00 1.888901144e-01 1.437844006e+02 9.203865154e+01 5.762881118e+03
6.541526031e+01 3.086523819e+01 5.516778827e-01 2.194015980e-01 -8.648800105e-02 -1.027898714e-01 6.003881246e-02 -3.465202153e-01 2.134604305e-01 4.258991778e-01 1.872382164e-01 2.709348202e-01 1.901205182e+00 4.463581562e+00 3.467858076e+00 2.974534929e-01 1.981265783e+00 4.390464723e-01 1.644272447e+00 8.996536732e-01 8.931084595e+02 -4.909482002e-01 3.022010326e+00 3.692115784e+00 9.413559959e+01 4.441651213e+01 2.499498814e+03
7.077210236e+01 6.918630981e+01 2.008299381e-01 6.913737059e-01 -2.508508042e-02 -2.806529775e-02 5.957490206e-02 9.590385854e-02 -1.109743640e-01 -8.998321742e-02 2.621641159e-01 2.185077667e-01 8.419689536e-01 4.054929256e+00 5.668967724e+00 6.046415865e-02 3.511386871e+00 1.125363231e+00 5.521687508e+00 9.294247627e-02 4.487147949e+03 -7.620875835e-01 1.200463533e+00 1.164386630e+00 1.504164241e+02 1.470460389e+02 7.856893389e+03
7.951697826e+00 7.063731194e+00 2.929753363e-01 1.934434921e-01 5.620983243e-01 -1.772667766e-01 1.307992786e-01 4.920336977e-02 -6.058993936e-02 -3.672965243e-02 -5.409700871e-01 4.201929569e-01 4.894634724e+00 3.100134850e+00 4.295773983e+00 1.665870696e-01 3.896160841e+00 1.907940030e+00 5.296823025e+00 -3.215212822e-01 3.176180664e+03 9.249975681e-01 1.986338139e+00 1.354036927e+00 2.312306042e+01 2.054090670e+01 1.504297846e+04
3.774977112e+01 3.149992752e+01 9.330217540e-02 2.927155793e-01 -2.724029422e-01 5.445322022e-02 -1.320709288e-01 -1.993899494e-01 5.407375842e-02 5.825213343e-02 -5.251770020e-01 -8.122611046e-02 4.214998245e+00 2.949127674e+00 2.004869461e+00 2.612115256e-02 1.391861439e+00 5.673171282e-01 4.036791325e+00 -8.504178524e-01 1.278514893e+03 -9.634208679e-01 3.007877588e+00 3.209633827e+00 5.916586286e+01 4.937037594e+01 3.396807014e+03
3.034349823e+01 2.064569473e+01 4.073966742e-01 8.882413805e-02 -5.971995592e-01 -2.049454898e-01 6.804583967e-02 -1.274470687e-01 -1.071484685e-01 8.443194628e-02 -9.755113125e-01 9.023432732e-01 5.461387634e+00 3.526661634e+00 3.431816339e+00 2.018181533e-01 4.419888020e+00 1.360306293e-01 5.045919895e+00 -4.542739391e-01 1.155020523e+02 6.894524097e-01 1.116865396e+00 5.057185888e-01 3.447114339e+01 2.345414158e+01 6.618600912e+02
4.360626602e+01 4.016912460e+01 4.291110933e-01 2.183682844e-02 -2.310715914e-01 3.200157583e-01 -2.000198215e-01 2.001643479e-01 1.509983744e-02 -1.917538606e-02 -7.185270786e-01 -9.572939873e-01 2.837609768e+00 4.896063805e+00 9.529578686e-01 2.793291509e-01 2.587494612e+00 4.637964368e-01 6.124924660e+00 -8.058121204e-01 1.489356934e+03 -1.793842316e-01 4.123341143e-01 7.013992667e-01 6.383069682e+01 5.879942146e+01 2.667846734e+03
1.393045998e+01 5.449267864e+00 2.430778593e-01 7.711724937e-02 6.814203411e-02 7.713762671e-02 1.077364460e-01 7.256177813e-02 1.322798729e-01 -3.785281181e-01 9.333915710e-01 2.472605705e-01 2.637578964e+00 5.873768330e-01 2.009837627e+00 3.494527889e-03 4.671603680e+00 1.835208416e+00 2.976327181e+00 -5.778651237e-01 2.813796875e+03 1.032178402e-01 1.283581734e+00 4.860582352e+00 3.949575736e+01 1.544981011e+01 1.434427494e+04
5.347417831e+01 3.771303558e+01 1.607510149e-01 1.359374821e-01 -6.502630562e-02 -1.890016496e-01 1.781955361e-01 5.237456784e-02 -1.781433821e-02 2.128611803e-01 8.780279160e-01 -8.820030689e-01 3.155104160e+00 1.721357226e+00 2.638050079e+00 3.603815436e-01 2.662574291e+00 6.681566834e-01 2.613615036e+00 9.530491829e-01 5.517034912e+02 -8.308002949e-01 4.814935923e-01 2.523298025e+00 8.920330795e+01 6.291125236e+01 4.141927151e+03
2.973855782e+01 1.565626717e+01 3.944492638e-01 2.188935876e-01 -2.347419262e-01 -2.427313775e-01 1.357286572e-01 -3.895051405e-02 -7.227303833e-02 3.966380376e-03 4.797768593e-02 -5.034449100e-01 2.848878860e+00 2.901261091e+00 6.104537487e+00 1.258789301e-01 5.023940563e+00 3.327394128e-01 9.121373296e-01 -6.455500126e-01 2.926980286e+02 -3.579139709e-03 1.478253007e+00 2.065601051e-01 3.963374808e+01 2.086572431e+01 1.805149013e+03
7.092903137e+01 6.423782349e+01 5.880851150e-01 1.073509604e-01 4.228474796e-01 1.068872809e-01 -1.015127227e-01 -1.318722516e-01 -3.905753195e-01 1.159964800e-01 5.874950886e-01 8.695633411e-01 6.737748384e-01 8.794690967e-01 3.487132490e-01 4.635170102e-02 5.334116459e+00 1.317532182e+00 1.735814691e+00 9.308421612e-01 3.772320068e+03 1.699783802e-01 7.205912471e-01 4.429252625e+00 1.643803128e+02 1.488732232e+02 9.543810653e+03
6.670165253e+01 4.594861984e+01 3.602792323e-01 2.049854696e-01 -1.178111061e-01 -1.313541271e-02 8.400551975e-02 2.145966291e-01 2.226942629e-01 -8.640427142e-02 1.199982166e-01 9.359200001e-01 5.902702808e+00 1.842305779e+00 3.586853981e+00 1.035422906e-01 4.654697895e+00 3.099814355e-01 2.051776409e+00 4.840312004e-01 4.306487305e+03 5.709457397e-02 9.487480521e-01 1.849815369e+00 8.737792653e+01 6.019183898e+01 1.662971132e+03
6.351042557e+01 3.720024872e+01 3.770105243e-01 6.970946491e-02 1.022850629e-02 -2.939325571e-01 -2.647686005e-01 -5.030113086e-02 -2.224529982e-01 -1.450027078e-01 2.526111603e-01 4.527745247e-01 4.451738358e+00 1.513021946e+00 4.826657295e+00 7.788872719e-02 5.506068230e+00 4.171238244e-01 1.522528380e-01 9.869632721e-01 4.540685730e+02 -1.128497124e-01 2.338166475e+00 5.614284515e+00 9.000213717e+01 5.271735873e+01 2.352418073e+03
2.818000984e+01 1.154455566e+01 2.983377874e-01 3.469434008e-02 1.337766498e-01 -8.554893732e-02 3.210400417e-02 3.338076174e-01 1.279824227e-01 5.729332194e-02 -3.786840439e-01 -4.598519802e-01 1.827520251e+00 2.649626017e+00 3.348244190e+00 1.200666055e-01 6.083019733e+00 1.960989088e-01 5.476807594e+00 -2.620105743e-01 1.763451782e+03 3.689212799e-01 1.967394054e-01 1.309261680e+00 3.370607902e+01 1.380843043e+01 9.894537694e+02
1.024472237e+01 5.285232067e+00 1.290340573e-01 1.392201334e-01 -7.411207259e-02 8.660653979e-02 -3.203270957e-02 2.172097713e-01 -1.791174561e-01 1.274620444e-01 7.813639641e-01 -1.422910690e-01 2.624321461e+00 3.836910009e+00 5.980401993e+00 3.173664585e-02 1.687530994e+00 9.819081426e-02 5.162842274e+00 -4.963612556e-01 1.733324097e+03 -8.389027119e-01 1.117515206e+00 1.229067683e+00 1.125066000e+01 5.804193307e+00 4.661762034e+02
4.140884018e+01 3.546180725e+01 6.046334505e-01 9.344712645e-02 -3.526282310e-02 2.566244602e-01 6.432631612e-02 -3.311750591e-01 -1.553331167e-01 -2.011389285e-01 -7.277998924e-01 7.956550121e-01 5.537061214e+00 4.217373848e+00 5.924631119e+00 1.984546930e-01 1.763397813e+00 4.325587153e-01 3.023702502e-01 2.866265774e-01 1.981376465e+03 5.879371166e-01 2.418890476e+00 4.175726414e+00 5.932059489e+01 5.080112104e+01 2.455770065e+03
4.360626602e+01 4.016912460e+01 4.291110933e-01 2.183682844e-02 -2.310715914e-01 3.200157583e-01 -2.000198215e-01 2.001643479e-01 1.509983744e-02 -1.917538606e-02 -7.185270786e-01 -9.572939873e-01 2.837609768e+00 4.896063805e+00 9.529578686e-01 2.793291509e-01 2.587494612e+00 4.637964368e-01 6.124924660e+00 -8.058121204e-01 1.489356934e+03 -1.793842316e-01 4.123341143e-01 7.013992667e-01 6.383069682e+01 5.879942146e+01 2.667846734e+03
6.157822132e+00 5.311707020e+00 5.674278736e-01 5.305305868e-02 -4.781318605e-01 2.603128850e-01 -2.398719639e-01 -2.558356822e-01 -1.723923832e-01 3.704282641e-02 -4.259786606e-01 4.369156361e-01 3.384470940e+00 4.564049244e+00 8.627511263e-01 1.964219958e-01 4.006608963e+00 2.276140451e+00 3.152414560e+00 -9.028747082e-01 1.533907227e+03 -3.627221584e-01 3.056685925e+00 5.889663219e+00 2.017389018e+01 1.740189823e+01 1.865347655e+04
6.351042557e+01 3.720024872e+01 3.770105243e-01 6.970946491e-02 1.022850629e-02 -2.939325571e-01 -2.647686005e-01 -5.030113086e-02 -2.224529982e-01 -1.450027078e-01 2.526111603e-01 4.527745247e-01 4.451738358e+00 1.513021946e+00 4.826657295e+00 7.788872719e-02 5.506068230e+00 4.171238244e-01 1.522528380e-01 9.869632721e-01 4.540685730e+02 -1.128497124e-01 2.338166475e+00 5.614284515e+00 9.000213717e+01 5.271735873e+01 2.352418073e+03
7.886188507e+01 5.411412811e+01 2.544186711e-01 3.439091444e-01 -2.834347188e-01 -3.235614896e-01 5.001145601e-02 -2.060155869e-01 -1.617545187e-01 -1.831814349e-01 7.834868431e-01 -2.367854118e-02 3.833828449e+00 2.904452562e+00 4.890880108e+00 2.747761607e-01 4.406157017e+00 7.462931871e-01 2.230594635e+00 9.752752781e-01 2.834767578e+03 8.166368008e-01 2.388291359e-01 7.738184333e-01 1.377159726e+02 9.449913325e+01 4.740469079e+03
1.959251976e+01 1.868445969e+01 1.442895234e-01 2.216406167e-01 1.452706009e-01 9.069567919e-02 1.169581935e-01 4.203149974e-01 -1.097239256e-01 5.863714218e-02 9.147067070e-01 -4.772965908e-01 1.085529566e+00 1.446312428e+00 5.997438908e+00 8.205523342e-02 4.976730347e+00 2.055441618e+00 8.873120546e-01 8.816599846e-02 3.149180984e+01 2.414000034e-01 2.715495825e+00 4.430511951e+00 5.986380028e+01 5.708927573e+01 1.647531746e+04
2.293672371e+01 2.026796341e+01 1.766958833e-02 1.655439436e-01 7.234595716e-02 -2.613715827e-01 -1.717569083e-01 5.022242665e-02 -1.741067618e-01 -1.858256310e-01 -7.015919685e-02 5.465817451e-02 1.401334882e+00 5.471197128e+00 5.607285500e+00 9.501646273e-03 3.895378828e+00 2.134172201e+00 2.498483181e+00 3.138482571e-01 3.153291260e+03 7.652523518e-01 3.585582674e-01 3.374645472e+00 7.188764183e+01 6.352328749e+01 1.724774059e+04
7.017223358e+01 3.309412003e+01 4.652396590e-02 1.108678207e-01 -1.339672655e-01 -3.653376102e-01 -3.586214408e-02 -9.075766057e-02 -4.827081691e-03 2.347008288e-01 -8.021168709e-01 -9.445014000e-01 4.505087435e-01 2.125000238e+00 1.057770371e+00 5.885300413e-02 1.897156000e+00 4.158964157e-01 4.472242355e+00 3.042824268e-01 8.882051392e+02 -4.787492752e-01 1.860571146e+00 6.208573341e+00 9.935661401e+01 4.685784593e+01 2.344240985e+03
2.103146553e+01 1.921731758e+01 1.120998422e-04 2.028474659e-01 -1.788676828e-01 2.198869735e-01 1.154939681e-01 2.936510742e-01 2.121312469e-01 1.682247370e-01 -3.608584404e-01 -6.902575493e-02 5.678245544e+00 2.162345886e+00 3.816356421e+00 9.443694353e-02 1.790903091e+00 1.387652159e+00 1.539020181e+00 -5.700783730e-01 1.918450073e+03 3.112623692e-01 1.983142048e-01 2.845295429e+00 5.021582408e+01 4.588426981e+01 1.017380497e+04
3.222253036e+01 3.086094856e+01 1.741498709e-01 2.227195352e-01 9.453642182e-03 1.257009208e-01 1.539177299e-01 1.372549087e-01 -3.997932374e-02 -5.297070369e-02 5.341396332e-01 -2.523598671e-01 2.605954707e-01 3.097641230e+00 5.140565395e+00 7.259517908e-02 1.594394803e+00 3.285193443e-01 4.158689976e+00 4.525046349e-01 2.079950684e+03 2.902460098e-01 5.010087490e-01 4.169171333e+00 4.280825491e+01 4.099936715e+01 1.778604253e+03
5.513842392e+01 4.959175873e+01 1.103986651e-01 6.700047255e-01 -1.507803351e-01 -5.086640120e-01 1.929786056e-01 -2.505175769e-01 5.385125428e-02 -3.056660891e-01 -1.382830143e-01 4.766821861e-01 2.341569424e+00 5.895267487e+00 3.598577499e+00 1.559600830e-01 4.235758305e+00 8.078871965e-01 5.939284563e-01 -2.591185570e-01 4.610618164e+03 -4.455318451e-01 1.347764730e-01 3.773890257e+00 9.968405064e+01 8.965630566e+01 5.224130572e+03
4.148107147e+01 3.041778755e+01 6.635373831e-02 2.911927402e-01 -3.220648766e-01 2.702821493e-01 -2.876477540e-01 1.038022637e-01 2.563082380e-03 3.096602857e-01 1.382939816e-01 9.268474579e-02 1.437701821e+00 3.407264948e-01 4.166360855e+00 1.211748347e-01 6.065960884e+00 1.901691854e-01 1.673446536e+00 9.962937832e-01 9.297001343e+02 -9.845058918e-01 2.473481178e+00 4.973236322e-01 4.936949304e+01 3.620231343e+01 9.562230271e+02
5.173227310e+01 1.862506294e+01 2.394339591e-01 4.091052115e-01 2.288464308e-01 5.936140567e-02 1.361098439e-01 -1.681683809e-01 -1.707951538e-02 -1.241058260e-01 -8.224596977e-01 -2.611715794e-01 1.575244784e+00 5.452527523e+00 3.485182047e+00 1.702638119e-01 4.827421188e+00 6.413499117e-01 2.509349108e+00 7.300496101e-01 1.166043091e+03 -6.956276894e-01 2.895182848e+00 1.484030604e+00 8.491076189e+01 3.057024542e+01 3.940713981e+03
5.816510773e+01 5.436050797e+01 3.184080822e-03 6.578069925e-01 1.771059185e-01 1.928322315e-01 1.426287740e-01 1.299730986e-01 -9.788838029e-02 -2.096795291e-02 -9.022915363e-01 1.045904160e-01 5.129266262e+00 1.764239788e+00 4.966912270e+00 3.135781288e-01 1.801691890e+00 3.996796310e-01 5.815257072e+00 -2.837774754e-01 2.080947021e+03 3.269431591e-01 1.582035661e+00 1.353760600e+00 8.141251652e+01 7.608729573e+01 2.236787531e+03
6.217911530e+01 5.668934631e+01 1.213383600e-01 1.785581410e-01 2.587034367e-02 -9.997091442e-02 6.859283149e-02 2.454266548e-01 2.746353149e-01 2.637366354e-01 -8.482170105e-01 1.709609032e-01 3.879937172e+00 4.047981262e+00 6.264080524e+00 2.819588184e-01 1.562292099e+00 8.003723621e-01 3.431993723e+00 1.334571838e-01 2.487862793e+03 8.406085968e-01 1.896865010e+00 3.709171534e+00 1.119455607e+02 1.020619323e+02 5.164590320e+03
7.113722229e+01 7.030733490e+01 6.465788484e-01 1.137448102e-01 -1.268050373e-01 -1.550766081e-01 -3.656610474e-02 9.735029191e-03 -8.535788953e-02 3.006715141e-02 -1.122782230e-01 7.013411522e-01 6.153401375e+00 4.614797115e+00 1.256644130e+00 2.707919180e-01 1.874142528e+00 2.784228325e-01 4.629454613e+00 3.819508553e-01 4.722387207e+03 -1.769249439e-01 6.344168186e-01 2.995205402e+00 9.094344922e+01 8.988250223e+01 1.469848840e+03
2.890448189e+01 2.173987770e+01 2.417336106e-01 5.508577228e-01 -7.539937645e-02 -1.507562846e-01 -1.504221093e-02 3.278491199e-01 -3.230939209e-01 -8.363984525e-02 6.672084332e-01 -7.161760330e-01 1.393145204e+00 2.299980402e+00 1.199369311e+00 3.038761020e-01 7.482860088e-01 3.426536024e-01 4.782627106e+00 8.876175880e-01 2.073676758e+03 5.533597469e-01 1.291488290e+00 8.605459929e-01 3.880870673e+01 2.918912511e+01 1.867829151e+03
2.656439590e+01 2.125607300e+01 1.934862584e-01 2.730557323e-02 -1.465676278e-01 -1.771965176e-01 -1.670335531e-01 3.165205568e-02 -1.050999686e-01 8.346158080e-03 6.696498394e-01 3.105015755e-01 1.278653145e+00 3.832018137e+00 3.399864733e-01 8.981700242e-02 4.223049164e+00 2.944392264e-01 5.677099228e+00 4.335367680e-01 4.940868164e+03 -5.730304718e-01 4.306782186e-01 5.505052090e+00 3.438599608e+01 2.751469469e+01 1.567265210e+03
2.656439590e+01 2.125607300e+01 1.934862584e-01 2.730557323e-02 -1.465676278e-01 -1.771965176e-01 -1.670335531e-01 3.165205568e-02 -1.050999686e-01 8.346158080e-03 6.696498394e-01 3.105015755e-01 1.278653145e+00 3.832018137e+00 3.399864733e-01 8.981700242e-02 4.223049164e+00 2.944392264e-01 5.677099228e+00 4.335367680e-01 4.940868164e+03 -5.730304718e-01 4.306782186e-01 5.505052090e+00 3.438599608e+01 2.751469469e+01 1.567265210e+03
7.361982346e+00 6.765101433e+00 4.266992956e-02 1.336313635e-01 2.426040620e-01 -8.527449518e-02 1.029053479e-01 -8.914820850e-03 4.192672670e-01 -1.496007740e-01 4.795379639e-01 3.001766205e-01 1.891211867e+00 4.803253651e+00 3.908308268e+00 2.899013460e-01 3.320034027e+00 1.241456568e-01 3.029525280e+00 3.838920593e-02 1.458897827e+03 -9.217207432e-01 2.405730247e+00 5.687807560e+00 8.275940479e+00 7.604959394e+00 5.994832687e+02
2.012773323e+01 7.683159828e+00 1.830667406e-01 5.829131603e-01 -7.095442712e-02 1.464978009e-01 9.179954231e-02 -1.967207901e-02 -9.709636867e-02 -1.409571767e-01 6.879217625e-01 5.626137257e-01 1.791882157e+00 2.146342516e+00 5.322558403e+00 1.112958193e-01 1.440601200e-01 2.211613178e+00 3.338211298e+00 -3.402149677e-01 3.554781738e+03 -1.873154640e-01 3.961157203e-01 4.546692848e+00 6.464249329e+01 2.467533735e+01 1.801254943e+04
1.034586334e+01 1.001360226e+01 6.940407157e-01 4.945749883e-03 3.198070228e-01 6.200138852e-02 6.859979779e-02 3.526514471e-01 1.977568120e-01 3.011169136e-01 3.033406734e-01 6.539158821e-01 4.558773041e+00 3.743322134e+00 3.128361464e+00 9.800725430e-02 2.816304207e+00 1.990184039e-01 5.741564274e+00 -7.952780724e-01 4.278469727e+03 -7.336854935e-02 1.229862809e+00 4.794365883e+00 1.240488055e+01 1.200649340e+01 1.005884852e+03
7.113722229e+01 7.030733490e+01 6.465788484e-01 1.137448102e-01 -1.268050373e-01 -1.550766081e-01 -3.656610474e-02 9.735029191e-03 -8.535788953e-02 3.006715141e-02 -1.122782230e-01 7.013411522e-01 6.153401375e+00 4.614797115e+00 1.256644130e+00 2.707919180e-01 1.874142528e+00 2.784228325e-01 4.629454613e+00 3.819508553e-01 4.722387207e+03 -1.769249439e-01 6.344168186e-01 2.995205402e+00 9.094344922e+01 8.988250223e+01 1.469848840e+03
6.208013058e+00 5.923319340e+00 5.263157487e-01 1.050143763e-01 1.207950935e-01 4.804797098e-02 -1.846412569e-01 2.852601409e-01 1.048460528e-01 -2.353967726e-01 7.204816341e-01 1.073069572e-01 5.047777891e-01 2.263614178e+00 1.781829596e+00 2.790891565e-02 5.204554200e-01 2.102564335e+00 2.688753128e+00 5.636956692e-01 2.845467285e+03 9.719929695e-01 4.805973917e-02 4.805243015e+00 1.926075990e+01 1.837747933e+01 1.693700282e+04
6.818703651e+00 5.593984604e+00 3.582614660e-01 7.533443626e-03 -4.582151398e-02 9.001504630e-02 -1.838327497e-01 -4.177332819e-01 -8.542623371e-02 6.971921772e-02 -1.281094551e-01 1.116950512e-01 5.376506805e+00 6.258774281e+00 8.772085905e-01 4.126959667e-02 5.834920883e+00 1.491314024e-01 8.917244673e-01 5.250921249e-01 1.476455078e+03 7.211668491e-01 1.215326667e+00 5.181946754e+00 7.835586489e+00 6.428223373e+00 7.315695469e+02
4.067812729e+01 3.778512955e+01 3.890022337e-01 2.995482683e-01 7.767977566e-02 -1.597337723e-01 -1.148240343e-01 1.928762048e-01 4.394258186e-02 -1.418134570e-01 -3.298115730e-01 -1.806190014e-01 3.579655170e+00 1.022041678e+00 4.642288208e+00 7.376088947e-02 2.578462124e+00 2.116002321e+00 5.253439426e+00 -9.082221985e-01 2.071228027e+03 1.240708828e-01 2.450745106e+00 5.274846077e+00 1.267531391e+02 1.177385514e+02 1.706900935e+04
7.567317200e+01 6.372683334e+01 2.237644345e-01 1.611649543e-01 -1.934614219e-02 1.506231911e-02 6.445743144e-02 -3.958255798e-02 1.302673072e-01 -6.266721338e-02 -4.911010265e-01 9.892749786e-02 5.304263234e-01 3.824331164e-01 5.293988705e+00 1.793642715e-02 5.442679405e+00 1.006625533e+00 4.306143284e+00 3.078241348e-01 5.065334167e+02 -3.177800179e-01 2.083707333e+00 4.962375462e-01 1.518477191e+02 1.278758909e+02 6.847326840e+03
7.361982346e+00 6.765101433e+00 4.266992956e-02 1.336313635e-01 2.426040620e-01 -8.527449518e-02 1.029053479e-01 -8.914820850e-03 4.192672670e-01 -1.496007740e-01 4.795379639e-01 3.001766205e-01 1.891211867e+00 4.803253651e+00 3.908308268e+00 2.899013460e-01 3.320034027e+00 1.241456568e-01 3.029525280e+00 3.838920593e-02 1.458897827e+03 -9.217207432e-01 2.405730247e+00 5.687807560e+00 8.275940479e+00 7.604959394e+00 5.994832687e+02
5.302730560e+01 3.512801361e+01 2.419004887e-01 4.103485346e-01 -1.432486176e-01 -1.039731875e-01 -4.801968113e-02 3.808599710e-02 -1.329404861e-01 9.724367410e-02 4.966220856e-01 -8.366181850e-01 1.644026756e+00 5.572016239e+00 3.121585131e+00 7.884561270e-02 3.885392189e+00 5.792666674e-01 6.275201797e+00 6.285901070e-01 1.951516968e+03 3.157234192e-01 7.022958398e-01 2.805180550e+00 8.374425620e+01 5.547650099e+01 3.483383848e+03
5.664093781e+01 4.325648880e+01 2.071541399e-01 4.316962361e-01 -3.687650338e-02 -1.065268144e-01 1.967019588e-01 -1.413303614e-01 1.833740622e-01 -4.652047064e-03 -3.314335346e-01 -5.882499218e-01 3.263520956e+00 5.271881580e+00 1.355278015e+00 4.695524648e-02 4.390187263e+00 7.131452560e-01 4.795418739e+00 -7.665772438e-01 2.050906250e+03 -6.176435947e-01 7.041885853e-01 1.292219281e+00 9.703415390e+01 7.410464858e+01 4.484420694e+03
5.503637314e+00 5.420206070e+00 2.349866182e-01 2.578424215e-01 4.451102912e-01 3.635957837e-01 -7.867336273e-02 -2.322463989e-01 -1.481612772e-01 2.399342507e-02 7.142887115e-01 1.405777931e-01 4.735923290e+00 2.108602762e+00 1.311426997e+00 6.627854705e-02 5.713704228e-01 1.558126658e-01 4.272022247e+00 2.287430763e-01 2.623970215e+03 7.366847992e-01 2.326935768e+00 1.875529051e+00 6.361173715e+00 6.264742827e+00 7.675000881e+02
5.772508621e+00 5.085253239e+00 1.153374091e-01 1.575077772e-01 -1.418369561e-01 -1.426576227e-01 -1.903587282e-01 -1.400573403e-01 -1.242853142e-02 8.504902571e-02 -1.156282425e-02 6.124193668e-01 1.126848936e+00 2.959085703e+00 3.761067152e+00 6.205028668e-02 4.339712143e+00 1.905081719e-01 7.619742751e-01 7.709655762e-01 1.681081543e+03 -2.791118622e-02 1.112440228e+00 5.137136936e+00 6.872218686e+00 6.054035537e+00 9.581175911e+02
4.148107147e+01 3.041778755e+01 6.635373831e-02 2.911927402e-01 -3.220648766e-01 2.702821493e-01 -2.876477540e-01 1.038022637e-01 2.563082380e-03 3.096602857e-01 1.382939816e-01 9.268474579e-02 1.437701821e+00 3.407264948e-01 4.166360855e+00 1.211748347e-01 6.065960884e+00 1.901691854e-01 1.673446536e+00 9.962937832e-01 9.297001343e+02 -9.845058918e-01 2.473481178e+00 4.973236322e-01 4.936949304e+01 3.620231343e+01 9.562230271e+02
3.222253036e+01 3.086094856e+01 1.741498709e-01 2.227195352e-01 9.453642182e-03 1.257009208e-01 1.539177299e-01 1.372549087e-01 -3.997932374e-02 -5.297070369e-02 5.341396332e-01 -2.523598671e-01 2.605954707e-01 3.097641230e+00 5.140565395e+00 7.259517908e-02 1.594394803e+00 3.285193443e-01 4.158689976e+00 4.525046349e-01 2.079950684e+03 2.902460098e-01 5.010087490e-01 4.169171333e+00 4.280825491e+01 4.099936715e+01 1.778604253e+03
3.339236069e+01 2.259576225e+01 2.267250270e-01 5.708308890e-02 5.196591020e-01 -2.810653150e-01 3.547675908e-01 -9.838740528e-02 5.452286825e-02 1.188064367e-01 -7.069571018e-01 -9.752318859e-01 4.251650333e+00 2.304358244e+00 1.059517860e+00 1.434994489e-01 6.493277848e-02 7.318452001e-01 4.224695683e+00 4.247236252e-01 3.422211670e+03 -8.438708782e-01 1.389160514e+00 5.115647793e+00 5.783039957e+01 3.913236240e+01 4.628490895e+03
6.670165253e+01 4.594861984e+01 3.602792323e-01 2.049854696e-01 -1.178111061e-01 -1.313541271e-02 8.400551975e-02 2.145966291e-01 2.226942629e-01 -8.640427142e-02 1.199982166e-01 9.359200001e-01 5.902702808e+00 1.842305779e+00 3.586853981e+00 1.035422906e-01 4.654697895e+00 3.099814355e-01 2.051776409e+00 4.840312004e-01 4.306487305e+03 5.709457397e-02 9.487480521e-01 1.849815369e+00 8.737792653e+01 6.019183898e+01 1.662971132e+03
8.929333687e+00 7.533508778e+00 5.597809330e-02 3.673650920e-01 -1.550410986e-01 2.702520462e-03 2.147679627e-01 -2.311214060e-02 1.207654849e-01 -2.622638643e-01 3.214597702e-01 5.151209831e-01 6.650196016e-02 1.360138416e+00 2.616418600e+00 1.689012349e-01 5.771629810e+00 2.235682726e+00 6.167540073e+00 -8.733718395e-01 2.968845215e+03 -6.376023293e-01 2.579062462e+00 2.430600882e+00 2.889249076e+01 2.437604422e+01 1.825124303e+04
6.406323242e+01 5.941405487e+01 1.156984791e-01 1.233606115e-01 -3.385693133e-01 1.128537804e-01 -6.786628067e-02 -2.905466221e-02 -8.823652752e-03 -2.756596208e-01 9.055104256e-01 -2.612783909e-01 6.179667950e+00 2.983243704e+00 1.755083799e+00 1.133247539e-01 2.053160667e+00 7.218204141e-01 5.871679306e+00 3.399925232e-01 2.417003784e+02 -4.967212677e-03 8.158249855e-01 2.616569042e+00 1.103053814e+02 1.023003326e+02 4.551134639e+03
6.785387993e+00 6.238818645e+00 1.925132573e-01 4.562553465e-01 1.539237648e-01 1.848181337e-01 3.502648175e-01 -3.622554243e-02 -1.607789844e-01 -2.664954029e-02 -3.127384186e-02 -7.318892479e-01 2.932959497e-01 6.121058464e+00 1.115631700e+00 4.449211061e-02 1.790741324e+00 1.830893397e+00 3.086794138e+00 4.928472042e-01 2.631270752e+03 3.434450626e-01 1.516599536e+00 6.173606515e-01 1.920871007e+01 1.766143051e+01 1.430298731e+04
3.847819901e+01 1.958722305e+01 4.905127585e-01 4.622547030e-01 4.702552408e-02 1.781521589e-01 -2.627460659e-02 4.450184479e-02 1.817295700e-01 3.004452884e-01 -1.481862068e-01 5.754072666e-01 5.063567162e-01 1.097161055e+00 2.817341566e+00 1.801732183e-01 1.745101690e+00 6.733066440e-01 1.627233066e-02 6.958758831e-01 4.121173828e+03 6.037733555e-01 2.346998155e-01 5.093765259e+00 6.438582604e+01 3.277543047e+01 4.180831885e+03
2.959987450e+01 1.385194492e+01 2.011231631e-01 1.513486207e-01 -4.273803830e-01 -1.867575012e-02 2.104012221e-01 -1.280759722e-01 -3.243576884e-01 -2.167139500e-01 8.614261150e-01 1.306779385e-01 1.105015278e+00 2.931467295e+00 4.230088234e+00 4.508560896e-02 3.137986958e-01 2.238394499e+00 2.854215622e+00 -1.012284756e-01 3.599719482e+03 1.648507118e-01 3.522066474e-01 9.510074258e-01 9.585607074e+01 4.485806224e+01 1.827816383e+04
5.216594696e+00 5.055883884e+00 1.123129763e-02 3.857224286e-01 -4.328325689e-01 3.483091891e-01 8.703922480e-02 -1.458510906e-01 -1.054667383e-01 -8.183626831e-02 -5.831468105e-01 5.771338940e-01 4.293353081e+00 4.459134102e+00 1.802807927e+00 9.556331486e-02 2.454862833e+00 1.803752422e+00 2.708763838e+00 -7.425930500e-01 2.511452637e+03 -9.672770500e-01 1.942699790e+00 4.707973480e+00 1.462604002e+01 1.417544669e+01 1.404372677e+04
7.113722229e+01 7.030733490e+01 6.465788484e-01 1.137448102e-01 -1.268050373e-01 -1.550766081e-01 -3.656610474e-02 9.735029191e-03 -8.535788953e-02 3.006715141e-02 -1.122782230e-01 7.013411522e-01 6.153401375e+00 4.614797115e+00 1.256644130e+00 2.707919180e-01 1.874142528e+00 2.784228325e-01 4.629454613e+00 3.819508553e-01 4.722387207e+03 -1.769249439e-01 6.344168186e-01 2.995205402e+00 9.094344922e+01 8.988250223e+01 1.469848840e+03
3.034349823e+01 2.064569473e+01 4.073966742e-01 8.882413805e-02 -5.971995592e-01 -2.049454898e-01 6.804583967e-02 -1.274470687e-01 -1.071484685e-01 8.443194628e-02 -9.755113125e-01 9.023432732e-01 5.461387634e+00 3.526661634e+00 3.431816339e+00 2.018181533e-01 4.419888020e+00 1.360306293e-01 5.045919895e+00 -4.542739391e-01 1.155020523e+02 6.894524097e-01 1.116865396e+00 5.057185888e-01 3.447114339e+01 2.345414158e+01 6.618600912e+02
5.347417831e+01 3.771303558e+01 1.607510149e-01 1.359374821e-01 -6.502630562e-02 -1.890016496e-01 1.781955361e-01 5.237456784e-02 -1.781433821e-02 2.128611803e-01 8.780279160e-01 -8.820030689e-01 3.155104160e+00 1.721357226e+00 2.638050079e+00 3.603815436e-01 2.662574291e+00 6.681566834e-01 2.613615036e+00 9.530491829e-01 5.517034912e+02 -8.308002949e-01 4.814935923e-01 2.523298025e+00 8.920330795e+01 6.291125236e+01 4.141927151e+03
6.351042557e+01 3.720024872e+01 3.770105243e-01 6.970946491e-02 1.022850629e-02 -2.939325571e-01 -2.647686005e-01 -5.030113086e-02 -2.224529982e-01 -1.450027078e-01 2.526111603e-01 4.527745247e-01 4.451738358e+00 1.513021946e+00 4.826657295e+00 7.788872719e-02 5.506068230e+00 4.171238244e-01 1.522528380e-01 9.869632721e-01 4.540685730e+02 -1.128497124e-01 2.338166475e+00 5.614284515e+00 9.000213717e+01 5.271735873e+01 2.352418073e+03
4.148107147e+01 3.041778755e+01 6.635373831e-02 2.911927402e-01 -3.220648766e-01 2.702821493e-01 -2.876477540e-01 1.038022637e-01 2.563082380e-03 3.096602857e-01 1.382939816e-01 9.268474579e-02 1.437701821e+00 3.407264948e-01 4.166360855e+00 1.211748347e-01 6.065960884e+00 1.901691854e-01 1.673446536e+00 9.962937832e-01 9.297001343e+02 -9.845058918e-01 2.473481178e+00 4.973236322e-01 4.936949304e+01 3.620231343e+01 9.562230271e+02
5.269207478e+00 5.202066422e+00 8.725246042e-02 1.540663093e-01 2.405837029e-01 1.145233121e-02 1.746015623e-02 -2.900015414e-01 1.095364466e-01 -2.068870068e-01 7.082476616e-01 -2.653129101e-01 3.284250736e+00 3.897376299e+00 5.806291103e+00 7.670280524e-03 1.494737029e+00 2.150274992e+00 5.395016670e+00 4.081082344e-02 1.725169434e+03 5.235323906e-01 2.027069807e+00 4.466303587e-01 1.659945254e+01 1.638793975e+01 1.740636840e+04
7.385694885e+01 5.331577301e+01 1.234540641e-01 5.264208093e-02 5.767318606e-02 1.866132170e-01 9.949705750e-02 -4.766368866e-01 -5.850733072e-02 2.456573695e-01 -9.931471348e-01 4.457294941e-01 8.559268713e-01 3.741004705e+00 3.841258764e+00 3.060514629e-01 1.549947619e+00 1.285434961e+00 9.859437346e-01 -5.734057426e-01 3.937966553e+03 6.545212269e-01 1.990197420e+00 3.369933367e+00 1.687952530e+02 1.218497316e+02 9.257886793e+03
4.360626602e+01 4.016912460e+01 4.291110933e-01 2.183682844e-02 -2.310715914e-01 3.200157583e-01 -2.000198215e-01 2.001643479e-01 1.509983744e-02 -1.917538606e-02 -7.185270786e-01 -9.572939873e-01 2.837609768e+00 4.896063805e+00 9.529578686e-01 2.793291509e-01 2.587494612e+00 4.637964368e-01 6.124924660e+00 -8.058121204e-01 1.489356934e+03 -1.793842316e-01 4.123341143e-01 7.013992667e-01 6.383069682e+01 5.879942146e+01 2.667846734e+03
4.157358170e+01 2.955032158e+01 4.197822511e-01 1.254561245e-01 1.185843572e-01 4.785213992e-02 -7.127310615e-03 -2.281289548e-01 -1.407742947e-01 -4.643572867e-01 5.404958725e-01 -6.289863586e-01 1.916066408e+00 6.129409790e+00 4.335234165e+00 1.976121590e-02 3.246914625e+00 1.108305335e+00 5.624115467e+00 7.142558098e-01 1.969671875e+03 8.570654392e-01 1.987910271e+00 2.443291426e+00 8.764980409e+01 6.230110064e+01 7.710213826e+03
6.670165253e+01 4.594861984e+01 3.602792323e-01 2.049854696e-01 -1.178111061e-01 -1.313541271e-02 8.400551975e-02 2.145966291e-01 2.226942629e-01 -8.640427142e-02 1.199982166e-01 9.359200001e-01 5.902702808e+00 1.842305779e+00 3.586853981e+00 1.035422906e-01 4.654697895e+00 3.099814355e-01 2.051776409e+00 4.840312004e-01 4.306487305e+03 5.709457397e-02 9.487480521e-01 1.849815369e+00 8.737792653e+01 6.019183898e+01 1.662971132e+03
4.148107147e+01 3.041778755e+01 6.635373831e-02 2.911927402e-01 -3.220648766e-01 2.702821493e-01 -2.876477540e-01 1.038022637e-01 2.563082380e-03 3.096602857e-01 1.382939816e-01 9.268474579e-02 1.437701821e+00 3.407264948e-01 4.166360855e+00 1.211748347e-01 6.065960884e+00 1.901691854e-01 1.673446536e+00 9.962937832e-01 9.297001343e+02 -9.845058918e-01 2.473481178e+00 4.973236322e-01 4.936949304e+01 3.620231343e+01 9.562230271e+02
6.406323242e+01 5.941405487e+01 1.156984791e-01 1.233606115e-01 -3.385693133e-01 1.128537804e-01 -6.786628067e-02 -2.905466221e-02 -8.823652752e-03 -2.756596208e-01 9.055104256e-01 -2.612783909e-01 6.179667950e+00 2.983243704e+00 1.755083799e+00 1.133247539e-01 2.053160667e+00 7.218204141e-01 5.871679306e+00 3.399925232e-01 2.417003784e+02 -4.967212677e-03 8.158249855e-01 2.616569042e+00 1.103053814e+02 1.023003326e+02 4.551134639e+03
3.270334244e+01 1.493421555e+01 1.384607702e-01 2.106271982e-01 -4.138928950e-01 -7.998409122e-02 3.323789537e-01 5.106815696e-01 -1.979424208e-01 -1.323156208e-01 2.522273064e-01 -3.332114220e-01 3.416625500e+00 3.866379976e+00 5.633347511e+00 5.279583111e-02 3.737873077e+00 1.980073214e+00 3.248772860e+00 4.589285851e-01 4.334655762e+02 -3.688607216e-01 1.168988943e+00 9.074298143e-01 9.745835479e+01 4.450505571e+01 1.574095108e+04
2.973855782e+01 1.565626717e+01 3.944492638e-01 2.188935876e-01 -2.347419262e-01 -2.427313775e-01 1.357286572e-01 -3.895051405e-02 -7.227303833e-02 3.966380376e-03 4.797768593e-02 -5.034449100e-01 2.848878860e+00 2.901261091e+00 6.104537487e+00 1.258789301e-01 5.023940563e+00 3.327394128e-01 9.121373296e-01 -6.455500126e-01 2.926980286e+02 -3.579139709e-03 1.478253007e+00 2.065601051e-01 3.963374808e+01 2.086572431e+01 1.805149013e+03
4.639142609e+01 4.229724121e+01 2.816756368e-01 3.668074012e-01 -1.946520656e-01 -2.008640319e-01 -2.559352852e-02 -1.885192655e-02 -9.263025224e-02 -8.219911903e-02 -4.776465893e-01 5.780444145e-01 2.915129185e+00 9.296725392e-01 5.883851528e+00 3.232206404e-01 3.976553917e+00 1.028701544e+00 4.590291500e+00 -9.432260990e-01 6.485708618e+02 4.748797417e-02 2.086076021e+00 3.745960951e+00 9.411435772e+01 8.580847854e+01 7.032948929e+03
7.113722229e+01 7.030733490e+01 6.465788484e-01 1.137448102e-01 -1.268050373e-01 -1.550766081e-01 -3.656610474e-02 9.735029191e-03 -8.535788953e-02 3.006715141e-02 -1.122782230e-01 7.013411522e-01 6.153401375e+00 4.614797115e+00 1.256644130e+00 2.707919180e-01 1.874142528e+00 2.784228325e-01 4.629454613e+00 3.819508553e-01 4.722387207e+03 -1.769249439e-01 6.344168186e-01 2.995205402e+00 9.094344922e+01 8.988250223e+01 1.469848840e+03
6.406323242e+01 5.941405487e+01 1.156984791e-01 1.233606115e-01 -3.385693133e-01 1.128537804e-01 -6.786628067e-02 -2.905466221e-02 -8.823652752e-03 -2.756596208e-01 9.055104256e-01 -2.612783909e-01 6.179667950e+00 2.983243704e+00 1.755083799e+00 1.133247539e-01 2.053160667e+00 7.218204141e-01 5.871679306e+00 3.399925232e-01 2.417003784e+02 -4.967212677e-03 8.158249855e-01 2.616569042e+00 1.103053814e+02 1.023003326e+02 4.551134639e+03
7.113722229e+01 7.030733490e+01 6.465788484e-01 1.137448102e-01 -1.268050373e-01 -1.550766081e-01 -3.656610474e-02 9.735029191e-03 -8.535788953e-02 3.006715141e-02 -1.122782230e-01 7.013411522e-01 6.153401375e+00 4.614797115e+00 1.256644130e+00 2.707919180e-01 1.874142528e+00 2.784228325e-01 4.629454613e+00 3.819508553e-01 4.722387207e+03 -1.769249439e-01 6.344168186e-01 2.995205402e+00 9.094344922e+01 8.988250223e+01 1.469848840e+03
6.832637024e+01 6.390560532e+01 2.203959972e-01 2.620436847e-01 7.553535700e-02 -2.859707177e-01 4.336708784e-02 -2.026357651e-01 -7.593079656e-02 -2.330834419e-02 -6.129269600e-01 -5.542397499e-01 4.620271683e+00 2.367466450e+00 5.998633385e+00 1.339798272e-01 5.059935570e+00 7.287433743e-01 1.364641428e+00 -3.938040733e-01 3.426470215e+03 6.980354786e-01 1.052883863e+00 3.881465197e+00 1.181187598e+02 1.104763918e+02 4.604525676e+03
6.217911530e+01 5.668934631e+01 1.213383600e-01 1.785581410e-01 2.587034367e-02 -9.997091442e-02 6.859283149e-02 2.454266548e-01 2.746353149e-01 2.637366354e-01 -8.482170105e-01 1.709609032e-01 3.879937172e+00 4.047981262e+00 6.264080524e+00 2.819588184e-01 1.562292099e+00 8.003723621e-01 3.431993723e+00 1.334571838e-01 2.487862793e+03 8.406085968e-01 1.896865010e+00 3.709171534e+00 1.119455607e+02 1.020619323e+02 5.164590320e+03
5.824121952e+00 5.334978580e+00 7.548677176e-02 5.371198431e-02 1.582729071e-01 -1.565511525e-01 -3.966641799e-02 2.724449039e-01 3.284864128e-01 -1.866116538e-03 8.141906261e-01 -9.571061134e-01 2.583514452e+00 2.483835459e+00 3.796980858e+00 2.468131483e-02 3.765178442e+00 2.170497417e+00 2.293654919e+00 6.541211605e-01 6.401539917e+02 2.722620964e-02 2.077302933e+00 3.768935442e+00 1.846536361e+01 1.691453581e+01 1.760588121e+04
3.252090073e+01 1.024687481e+01 4.778351262e-02 1.681795120e-01 3.586927950e-01 -2.907367051e-01 6.937524676e-02 -1.736680716e-01 -1.594139189e-01 9.326117486e-02 2.101159096e-02 9.362668991e-01 6.049350739e+00 1.735661149e+00 9.086447358e-01 6.116770580e-02 4.316042900e+00 2.170288801e+00 3.604707479e+00 -9.896705151e-01 4.148248535e+03 -2.287600040e-01 2.635254383e+00 2.526304722e-01 1.031006474e+02 3.248555246e+01 1.760382131e+04
3.034349823e+01 2.064569473e+01 4.073966742e-01 8.882413805e-02 -5.971995592e-01 -2.049454898e-01 6.804583967e-02 -1.274470687e-01 -1.071484685e-01 8.443194628e-02 -9.755113125e-01 9.023432732e-01 5.461387634e+00 3.526661634e+00 3.431816339e+00 2.018181533e-01 4.419888020e+00 1.360306293e-01 5.045919895e+00 -4.542739391e-01 1.155020523e+02 6.894524097e-01 1.116865396e+00 5.057185888e-01 3.447114339e+01 2.345414158e+01 6.618600912e+02
3.612132263e+01 3.009314537e+01 2.448555380e-01 3.594042957e-01 -3.329518810e-02 1.120040640e-01 2.487977594e-01 3.036586940e-01 -7.002502680e-02 -3.136598766e-01 -2.521266937e-01 -7.159111500e-01 2.146268368e+00 4.030176640e+00 2.766210794e+00 5.218926445e-02 2.519543409e+00 2.853290141e-01 2.038568497e+00 -8.936491013e-01 4.263732910e+03 9.645709991e-01 9.863051176e-01 3.220183134e+00 4.642778401e+01 3.867959287e+01 1.511702133e+03
6.351042557e+01 3.720024872e+01 3.770105243e-01 6.970946491e-02 1.022850629e-02 -2.939325571e-01 -2.647686005e-01 -5.030113086e-02 -2.224529982e-01 -1.450027078e-01 2.526111603e-01 4.527745247e-01 4.451738358e+00 1.513021946e+00 4.826657295e+00 7.788872719e-02 5.506068230e+00 4.171238244e-01 1.522528380e-01 9.869632721e-01 4.540685730e+02 -1.128497124e-01 2.338166475e+00 5.614284515e+00 9.000213717e+01 5.271735873e+01 2.352418073e+03
5.261622906e+00 5.123251915e+00 1.517952830e-01 3.960738704e-02 -2.836848795e-02 -5.181554705e-02 1.082438882e-02 3.614316508e-02 -2.306360304e-01 -2.556677535e-02 -2.266247272e-01 -4.866290092e-02 5.314738750e+00 3.455939054e+00 3.759941339e+00 5.076636374e-02 6.039011955e+00 1.612770200e+00 5.162231445e+00 -8.023557663e-01 2.349132080e+03 4.007463455e-01 1.114194393e+00 1.547899008e+00 1.374741153e+01 1.338587993e+01 1.224172282e+04
2.884938622e+01 1.860307693e+01 4.417890608e-01 1.325006131e-02 -1.327777356e-01 -7.932069898e-02 2.620055676e-01 3.173496425e-01 -7.357368618e-02 -7.364135236e-02 -4.757809639e-01 6.876535416e-01 1.895976305e+00 3.407358646e+00 4.150095463e+00 1.002901122e-01 3.439300358e-01 3.269500434e-01 1.388230205e+00 -9.276494980e-01 1.394354736e+03 -1.551103592e-02 1.482015371e+00 2.366397679e-01 3.828169429e+01 2.468535375e+01 1.768753950e+03
5.356731415e+01 3.902706528e+01 2.161202729e-01 3.285104409e-02 3.890386522e-01 -2.668197826e-02 -2.815452870e-03 1.074690148e-01 2.226426601e-01 1.561082602e-01 1.573555470e-01 7.427926064e-01 3.986767530e+00 8.261572719e-01 4.951696873e+00 1.320442855e-01 6.095013142e+00 5.009138584e-01 1.909176230e+00 -7.118496895e-01 2.456525879e+03 -1.430265903e-01 2.461604834e+00 3.928604364e+00 8.039992416e+01 5.857626313e+01 2.924728451e+03
7.632469177e+01 3.839755249e+01 3.764597774e-01 1.522074491e-01 -1.398633569e-01 6.677542329e-01 -1.965520717e-02 -4.801604450e-01 4.555044323e-02 -1.121512204e-01 4.213328362e-01 -5.237112045e-01 5.093943596e+00 6.088298798e+00 1.853277326e+00 1.504206061e-01 5.371921539e+00 7.417892218e-01 5.995294571e+00 -4.761118889e-01 2.200057861e+03 1.640686989e-01 1.546094656e+00 1.209290028e+00 1.329415255e+02 6.688044307e+01 4.705499769e+03
4.148107147e+01 3.041778755e+01 6.635373831e-02 2.911927402e-01 -3.220648766e-01 2.702821493e-01 -2.876477540e-01 1.038022637e-01 2.563082380e-03 3.096602857e-01 1.382939816e-01 9.268474579e-02 1.437701821e+00 3.407264948e-01 4.166360855e+00 1.211748347e-01 6.065960884e+00 1.901691854e-01 1.673446536e+00 9.962937832e-01 9.297001343e+02 -9.845058918e-01 2.473481178e+00 4.973236322e-01 4.936949304e+01 3.620231343e+01 9.562230271e+02
6.670165253e+01 4.594861984e+01 3.602792323e-01 2.049854696e-01 -1.178111061e-01 -1.313541271e-02 8.400551975e-02 2.145966291e-01 2.226942629e-01 -8.640427142e-02 1.199982166e-01 9.359200001e-01 5.902702808e+00 1.842305779e+00 3.586853981e+00 1.035422906e-01 4.654697895e+00 3.099814355e-01 2.051776409e+00 4.840312004e-01 4.306487305e+03 5.709457397e-02 9.487480521e-01 1.849815369e+00 8.737792653e+01 6.019183898e+01 1.662971132e+03
1.034586334e+01 1.001360226e+01 6.940407157e-01 4.945749883e-03 3.198070228e-01 6.200138852e-02 6.859979779e-02 3.526514471e-01 1.977568120e-01 3.011169136e-01 3.033406734e-01 6.539158821e-01 4.558773041e+00 3.743322134e+00 3.128361464e+00 9.800725430e-02 2.816304207e+00 1.990184039e-01 5.741564274e+00 -7.952780724e-01 4.278469727e+03 -7.336854935e-02 1.229862809e+00 4.794365883e+00 1.240488055e+01 1.200649340e+01 1.005884852e+03
7.226146698e+01 6.477928162e+01 1.137555912e-01 1.484438125e-02 5.298827961e-02 -3.794610128e-02 2.039407939e-01 -1.328457594e-01 7.861591876e-02 -2.415247727e-03 4.645037651e-01 3.987929821e-01 1.657085776e+00 2.697207332e-01 3.512943387e-01 4.136964306e-02 6.799063087e-01 1.180608153e+00 7.950057983e-01 1.668066978e-01 1.416663330e+03 -5.223011971e-01 2.575861931e+00 4.781917095e+00 1.575739441e+02 1.412582297e+02 8.335514758e+03
1.024472237e+01 5.285232067e+00 1.290340573e-01 1.392201334e-01 -7.411207259e-02 8.660653979e-02 -3.203270957e-02 2.172097713e-01 -1.791174561e-01 1.274620444e-01 7.813639641e-01 -1.422910690e-01 2.624321461e+00 3.836910009e+00 5.980401993e+00 3.173664585e-02 1.687530994e+00 9.819081426e-02 5.162842274e+00 -4.963612556e-01 1.733324097e+03 -8.389027119e-01 1.117515206e+00 1.229067683e+00 1.125066000e+01 5.804193307e+00 4.661762034e+02
5.888166904e+00 5.185588360e+00 9.170220047e-02 1.883519292e-01 2.253594846e-01 1.578693539e-01 -1.890277863e-01 -2.104561180e-01 -5.813639164e-01 -1.224879846e-01 -4.836959839e-01 -1.049184799e-02 4.609389782e+00 1.181354046e+00 3.201638937e+00 7.350691408e-02 2.799183846e+00 1.978951812e+00 1.114810824e+00 3.152055740e-01 4.234689026e+02 4.141068459e-01 2.471157789e+00 1.114992857e+00 1.754056547e+01 1.544761784e+01 1.573006316e+04
4.680910873e+01 2.018620872e+01 2.178988904e-01 5.223302841e-01 -2.204434872e-01 -3.555446491e-02 -2.053137869e-01 2.085404694e-01 1.338601559e-01 5.023840070e-02 -3.843791485e-01 7.788491249e-01 6.121677160e-01 2.110138893e+00 6.968842149e-01 5.585761741e-02 4.843366146e+00 1.683748841e+00 2.550602674e+00 6.500225067e-01 4.131125000e+03 -6.241576672e-01 2.303184986e+00 2.900557756e+00 1.256238913e+02 5.417471428e+01 1.290670958e+04
7.886188507e+01 5.411412811e+01 2.544186711e-01 3.439091444e-01 -2.834347188e-01 -3.235614896e-01 5.001145601e-02 -2.060155869e-01 -1.617545187e-01 -1.831814349e-01 7.834868431e-01 -2.367854118e-02 3.833828449e+00 2.904452562e+00 4.890880108e+00 2.747761607e-01 4.406157017e+00 7.462931871e-01 2.230594635e+00 9.752752781e-01 2.834767578e+03 8.166368008e-01 2.388291359e-01 7.738184333e-01 1.377159726e+02 9.449913325e+01 4.740469079e+03
6.351042557e+01 3.720024872e+01 3.770105243e-01 6.970946491e-02 1.022850629e-02 -2.939325571e-01 -2.647686005e-01 -5.030113086e-02 -2.224529982e-01 -1.450027078e-01 2.526111603e-01 4.527745247e-01 4.451738358e+00 1.513021946e+00 4.826657295e+00 7.788872719e-02 5.506068230e+00 4.171238244e-01 1.522528380e-01 9.869632721e-01 4.540685730e+02 -1.128497124e-01 2.338166475e+00 5.614284515e+00 9.000213717e+01 5.271735873e+01 2.352418073e+03
5.302730560e+01 3.512801361e+01 2.419004887e-01 4.103485346e-01 -1.432486176e-01 -1.039731875e-01 -4.801968113e-02 3.808599710e-02 -1.329404861e-01 9.724367410e-02 4.966220856e-01 -8.366181850e-01 1.644026756e+00 5.572016239e+00 3.121585131e+00 7.884561270e-02 3.885392189e+00 5.792666674e-01 6.275201797e+00 6.285901070e-01 1.951516968e+03 3.157234192e-01 7.022958398e-01 2.805180550e+00 8.374425620e+01 5.547650099e+01 3.483383848e+03
6.950276852e+00 5.608336449e+00 1.364092827e-01 6.941433251e-02 -4.489442334e-02 3.710492551e-01 -3.283607587e-02 1.694334298e-01 -4.490421414e-01 -1.836491823e-01 9.897589684e-01 -5.057687759e-01 6.112394333e+00 8.663935661e-01 3.728515625e+00 1.896474510e-01 2.915266037e+00 1.875582933e+00 6.064176083e+00 6.610496044e-01 1.228350342e+03 -8.617620468e-01 3.014904976e+00 9.560430646e-01 1.998609750e+01 1.612723658e+01 1.473149481e+04
7.632469177e+01 3.839755249e+01 3.764597774e-01 1.522074491e-01 -1.398633569e-01 6.677542329e-01 -1.965520717e-02 -4.801604450e-01 4.555044323e-02 -1.121512204e-01 4.213328362e-01 -5.237112045e-01 5.093943596e+00 6.088298798e+00 1.853277326e+00 1.504206061e-01 5.371921539e+00 7.417892218e-01 5.995294571e+00 -4.761118889e-01 2.200057861e+03 1.640686989e-01 1.546094656e+00 1.209290028e+00 1.329415255e+02 6.688044307e+01 4.705499769e+03
2.006659126e+01 5.264667988e+00 1.415683478e-01 2.178568393e-01 -1.705752462e-01 5.347035825e-03 -9.914117306e-02 -2.671135366e-01 -1.476725340e-01 1.388155073e-01 4.220819473e-01 -2.234160900e-01 2.059893608e+00 5.146246433e+00 3.983399153e+00 1.977189034e-01 1.715284944e+00 1.948990703e+00 5.245588303e+00 -5.037183762e-01 4.293642578e+03 -6.851153374e-01 3.028857231e+00 5.244227886e+00 5.917619107e+01 1.552545695e+01 1.543959405e+04
2.656439590e+01 2.125607300e+01 1.934862584e-01 2.730557323e-02 -1.465676278e-01 -1.771965176e-01 -1.670335531e-01 3.165205568e-02 -1.050999686e-01 8.346158080e-03 6.696498394e-01 3.105015755e-01 1.278653145e+00 3.832018137e+00 3.399864733e-01 8.981700242e-02 4.223049164e+00 2.944392264e-01 5.677099228e+00 4.335367680e-01 4.940868164e+03 -5.730304718e-01 4.306782186e-01 5.505052090e+00 3.438599608e+01 2.751469469e+01 1.567265210e+03
7.759012604e+01 7.315402985e+01 2.824815512e-01 5.665400624e-01 -1.211513430e-01 1.668225825e-01 -6.373959780e-02 8.214087784e-02 -8.821989596e-02 5.368439015e-03 4.972996712e-01 -6.145143509e-02 4.669337273e+00 6.264604568e+00 3.327447176e+00 2.701084130e-02 5.264932513e-01 1.644012213e+00 2.823604822e+00 -1.244814396e-01 8.304657593e+02 -2.883124352e-01 3.079571724e+00 1.282945752e+00 2.051492408e+02 1.934201483e+02 1.253370727e+04
2.158881187e+01 1.533526421e+01 3.809338808e-02 1.540374160e-01 -3.289943635e-01 -2.060896605e-01 -7.163595408e-02 -1.958332583e-02 -2.805636264e-02 -1.960552782e-01 4.030632973e-01 -3.834192753e-01 7.853075266e-01 1.797551394e+00 5.675203800e+00 1.998061985e-01 1.456803918e+00 1.976089835e+00 6.239958286e+00 -3.399958611e-01 8.443788452e+02 1.891794205e-01 1.605269790e+00 5.994145393e+00 6.425024357e+01 4.563912392e+01 1.570228087e+04
2.818000984e+01 1.154455566e+01 2.983377874e-01 3.469434008e-02 1.337766498e-01 -8.554893732e-02 3.210400417e-02 3.338076174e-01 1.279824227e-01 5.729332194e-02 -3.786840439e-01 -4.598519802e-01 1.827520251e+00 2.649626017e+00 3.348244190e+00 1.200666055e-01 6.083019733e+00 1.960989088e-01 5.476807594e+00 -2.620105743e-01 1.763451782e+03 3.689212799e-01 1.967394054e-01 1.309261680e+00 3.370607902e+01 1.380843043e+01 9.894537694e+02
7.208569527e+00 6.910477161e+00 3.533281386e-02 2.402555496e-01 1.610991955e-01 -2.365955114e-01 -3.504263237e-02 2.023525089e-01 -4.057638720e-02 1.883489341e-01 3.554224968e-01 -2.840952873e-01 2.404728413e+00 5.714331627e+00 2.680393219e+00 3.898457810e-02 2.258913994e+00 2.037287235e+00 4.370554924e+00 2.836420536e-01 3.051522949e+03 -9.742956161e-01 9.728464484e-01 1.752550602e+00 2.189449621e+01 2.098910407e+01 1.629796421e+04
3.302739716e+01 3.244205856e+01 5.279856324e-01 2.777574360e-01 2.743299305e-01 5.065706000e-02 2.845009863e-01 -4.767155647e-01 -9.917625040e-02 -2.229068279e-01 -6.545341015e-01 2.791428566e-01 3.320184648e-01 5.384731770e+00 2.986109495e+00 9.061571956e-02 3.650154591e+00 7.166045308e-01 6.129644394e+00 -5.719439983e-01 3.936835449e+03 -4.311227798e-01 1.598552227e+00 6.090375781e-01 5.669497960e+01 5.569018472e+01 4.510997805e+03
2.818000984e+01 1.154455566e+01 2.983377874e-01 3.469434008e-02 1.337766498e-01 -8.554893732e-02 3.210400417e-02 3.338076174e-01 1.279824227e-01 5.729332194e-02 -3.786840439e-01 -4.598519802e-01 1.827520251e+00 2.649626017e+00 3.348244190e+00 1.200666055e-01 6.083019733e+00 1.960989088e-01 5.476807594e+00 -2.620105743e-01 1.763451782e+03 3.689212799e-01 1.967394054e-01 1.309261680e+00 3.370607902e+01 1.380843043e+01 9.894537694e+02
4.101148987e+01 3.615174103e+01 5.861741900e-01 2.538482845e-01 -5.807669833e-02 2.265546173e-01 1.599982940e-02 -1.242088601e-01 -1.294859052e-01 -1.520834770e-02 4.357249737e-01 -2.043366432e-02 1.553384781e+00 5.406865120e+00 2.429337353e-01 1.384093016e-01 1.365059376e+00 6.081436276e-01 1.766310036e-01 1.434874535e-02 3.542268311e+03 -4.955859184e-01 2.855022669e+00 6.277217388e+00 6.595236609e+01 5.813719196e+01 3.694559531e+03
1.024472237e+01 5.285232067e+00 1.290340573e-01 1.392201334e-01 -7.411207259e-02 8.660653979e-02 -3.203270957e-02 2.172097713e-01 -1.791174561e-01 1.274620444e-01 7.813639641e-01 -1.422910690e-01 2.624321461e+00 3.836910009e+00 5.980401993e+00 3.173664585e-02 1.687530994e+00 9.819081426e-02 5.162842274e+00 -4.963612556e-01 1.733324097e+03 -8.389027119e-01 1.117515206e+00 1.229067683e+00 1.125066000e+01 5.804193307e+00 4.661762034e+02
7.017223358e+01 3.309412003e+01 4.652396590e-02 1.108678207e-01 -1.339672655e-01 -3.653376102e-01 -3.586214408e-02 -9.075766057e-02 -4.827081691e-03 2.347008288e-01 -8.021168709e-01 -9.445014000e-01 4.505087435e-01 2.125000238e+00 1.057770371e+00 5.885300413e-02 1.897156000e+00 4.158964157e-01 4.472242355e+00 3.042824268e-01 8.882051392e+02 -4.787492752e-01 1.860571146e+00 6.208573341e+00 9.935661401e+01 4.685784593e+01 2.344240985e+03
7.567317200e+01 6.372683334e+01 2.237644345e-01 1.611649543e-01 -1.934614219e-02 1.506231911e-02 6.445743144e-02 -3.958255798e-02 1.302673072e-01 -6.266721338e-02 -4.911010265e-01 9.892749786e-02 5.304263234e-01 3.824331164e-01 5.293988705e+00 1.793642715e-02 5.442679405e+00 1.006625533e+00 4.306143284e+00 3.078241348e-01 5.065334167e+02 -3.177800179e-01 2.083707333e+00 4.962375462e-01 1.518477191e+02 1.278758909e+02 6.847326840e+03
7.848705292e+01 3.705561829e+01 4.099689424e-02 3.637467027e-01 -2.417284437e-02 1.809648573e-01 2.279424220e-01 2.761121690e-01 -1.483600587e-01 3.559734523e-01 7.905006409e-02 -1.302325726e-01 4.523615837e+00 1.852283359e+00 6.057890415e+00 5.784848705e-02 6.200155258e+00 7.459003925e-01 2.165587664e+00 1.734631062e-01 4.658850586e+03 -7.464590073e-01 2.455619097e+00 2.048855305e+00 1.370305765e+02 6.469541851e+01 4.737417167e+03
7.092903137e+01 6.423782349e+01 5.880851150e-01 1.073509604e-01 4.228474796e-01 1.068872809e-01 -1.015127227e-01 -1.318722516e-01 -3.905753195e-01 1.159964800e-01 5.874950886e-01 8.695633411e-01 6.737748384e-01 8.794690967e-01 3.487132490e-01 4.635170102e-02 5.334116459e+00 1.317532182e+00 1.735814691e+00 9.308421612e-01 3.772320068e+03 1.699783802e-01 7.205912471e-01 4.429252625e+00 1.643803128e+02 1.488732232e+02 9.543810653e+03
1.952699280e+01 1.315951157e+01 1.442892253e-01 1.353701055e-01 -1.211891603e-02 -1.847052425e-01 9.476966411e-02 1.459572017e-01 3.084790409e-01 3.264860064e-02 -6.751010418e-01 3.412888050e-01 1.570570171e-01 4.090077400e+00 1.259166121e+00 1.520851552e-01 1.875794888e+00 1.661684364e-01 2.113317013e+00 4.792959690e-01 2.945405518e+03 -6.927471161e-01 5.401908159e-01 6.099285126e+00 2.277176266e+01 1.534620703e+01 8.236917949e+02
5.896927357e+00 5.637287617e+00 5.559470057e-01 5.523191690e-01 1.503662914e-01 -1.241627857e-01 8.025731146e-02 6.750269979e-02 5.961358175e-02 2.004688978e-01 -8.208274841e-02 4.320282936e-01 4.814033985e+00 4.204142094e+00 2.844759226e+00 2.372041643e-01 5.557383537e+00 1.874302268e+00 6.162401199e+00 4.015340805e-01 3.689501709e+03 5.163974762e-01 5.704217553e-01 1.383002043e+00 1.694955168e+01 1.620326858e+01 1.471918755e+04
5.868775845e+00 5.507202148e+00 1.773454994e-01 2.890004814e-01 -3.242020011e-01 -2.319232970e-01 2.294952720e-01 -1.258427836e-02 7.151535153e-02 -1.951291859e-01 -1.142687798e-01 4.377820492e-01 3.915710688e+00 6.068150043e+00 5.626997948e-01 4.630673677e-02 5.246729851e+00 1.559484839e+00 4.710742950e+00 3.374097347e-01 2.800681641e+03 -3.789782524e-02 1.512269139e+00 4.331595421e+00 1.502104280e+01 1.409560041e+01 1.174640703e+04
7.361982346e+00 6.765101433e+00 4.266992956e-02 1.336313635e-01 2.426040620e-01 -8.527449518e-02 1.029053479e-01 -8.914820850e-03 4.192672670e-01 -1.496007740e-01 4.795379639e-01 3.001766205e-01 1.891211867e+00 4.803253651e+00 3.908308268e+00 2.899013460e-01 3.320034027e+00 1.241456568e-01 3.029525280e+00 3.838920593e-02 1.458897827e+03 -9.217207432e-01 2.405730247e+00 5.687807560e+00 8.275940479e+00 7.604959394e+00 5.994832687e+02
3.770205307e+01 3.675772858e+01 4.125300646e-01 3.772095144e-01 -1.634196192e-01 -6.874116510e-02 4.739294201e-02 2.247418463e-01 2.804192714e-02 -3.704755902e-01 -1.330614090e-01 -3.387441635e-01 2.025678605e-01 8.552242815e-02 5.936446667e+00 2.560594082e-01 5.977769852e+00 1.908608317e+00 8.824247122e-01 2.579197884e-01 1.951738037e+03 9.866118431e-02 9.306162596e-01 3.740698338e+00 1.096605051e+02 1.069138351e+02 1.504942235e+04
1.750486183e+01 6.116061211e+00 6.511327624e-02 3.981634974e-01 9.863434732e-02 2.987121418e-02 -1.758203954e-01 2.386911958e-01 1.195905954e-01 -1.267891824e-01 2.444417477e-01 9.740440845e-01 6.192148685e+00 4.045218945e+00 1.740901947e+00 8.779106289e-02 6.159739017e+00 2.129857063e+00 1.137465477e+00 8.480274677e-01 4.271351562e+03 -1.141474247e-01 5.883703828e-01 4.945293427e+00 5.478771545e+01 1.914239738e+01 1.720526897e+04
7.158138275e+00 6.534103394e+00 8.965759724e-02 4.082780182e-01 -2.657569945e-01 -1.323890686e-02 1.745932400e-01 5.757064745e-02 2.319015115e-01 -2.013436854e-01 -7.117218971e-01 -6.670775414e-01 3.258607388e+00 4.960390091e+00 4.029298723e-01 5.840558559e-02 3.350294352e+00 1.428168267e-01 5.518652439e+00 6.089389324e-01 1.895767212e+01 -3.704471588e-01 3.008683205e+00 5.053135872e+00 8.180440869e+00 7.467283306e+00 6.978459170e+02
7.226146698e+01 6.477928162e+01 1.137555912e-01 1.484438125e-02 5.298827961e-02 -3.794610128e-02 2.039407939e-01 -1.328457594e-01 7.861591876e-02 -2.415247727e-03 4.645037651e-01 3.987929821e-01 1.657085776e+00 2.697207332e-01 3.512943387e-01 4.136964306e-02 6.799063087e-01 1.180608153e+00 7.950057983e-01 1.668066978e-01 1.416663330e+03 -5.223011971e-01 2.575861931e+00 4.781917095e+00 1.575739441e+02 1.412582297e+02 8.335514758e+03
6.351042557e+01 3.720024872e+01 3.770105243e-01 6.970946491e-02 1.022850629e-02 -2.939325571e-01 -2.647686005e-01 -5.030113086e-02 -2.224529982e-01 -1.450027078e-01 2.526111603e-01 4.527745247e-01 4.451738358e+00 1.513021946e+00 4.826657295e+00 7.788872719e-02 5.506068230e+00 4.171238244e-01 1.522528380e-01 9.869632721e-01 4.540685730e+02 -1.128497124e-01 2.338166475e+00 5.614284515e+00 9.000213717e+01 5.271735873e+01 2.352418073e+03
3.034349823e+01 2.064569473e+01 4.073966742e-01 8.882413805e-02 -5.971995592e-01 -2.049454898e-01 6.804583967e-02 -1.274470687e-01 -1.071484685e-01 8.443194628e-02 -9.755113125e-01 9.023432732e-01 5.461387634e+00 3.526661634e+00 3.431816339e+00 2.018181533e-01 4.419888020e+00 1.360306293e-01 5.045919895e+00 -4.542739391e-01 1.155020523e+02 6.894524097e-01 1.116865396e+00 5.057185888e-01 3.447114339e+01 2.345414158e+01 6.618600912e+02
5.824121952e+00 5.334978580e+00 7.548677176e-02 5.371198431e-02 1.582729071e-01 -1.565511525e-01 -3.966641799e-02 2.724449039e-01 3.284864128e-01 -1.866116538e-03 8.141906261e-01 -9.571061134e-01 2.583514452e+00 2.483835459e+00 3.796980858e+00 2.468131483e-02 3.765178442e+00 2.170497417e+00 2.293654919e+00 6.541211605e-01 6.401539917e+02 2.722620964e-02 2.077302933e+00 3.768935442e+00 1.846536361e+01 1.691453581e+01 1.760588121e+04
7.113722229e+01 7.030733490e+01 6.465788484e-01 1.137448102e-01 -1.268050373e-01 -1.550766081e-01 -3.656610474e-02 9.735029191e-03 -8.535788953e-02 3.006715141e-02 -1.122782230e-01 7.013411522e-01 6.153401375e+00 4.614797115e+00 1.256644130e+00 2.707919180e-01 1.874142528e+00 2.784228325e-01 4.629454613e+00 3.819508553e-01 4.722387207e+03 -1.769249439e-01 6.344168186e-01 2.995205402e+00 9.094344922e+01 8.988250223e+01 1.469848840e+03
6.035284424e+01 5.164358902e+01 1.312414706e-01 2.810572386e-01 1.015440598e-01 -6.036498025e-02 7.231380790e-02 -3.327688873e-01 -2.385312617e-01 -1.750269383e-01 -4.441797733e-01 2.161121368e-02 2.462120771e+00 3.722772121e+00 1.896102190e+00 3.222956136e-02 3.006203890e+00 9.783292413e-01 2.404319525e+00 4.796841145e-01 3.142338623e+03 -3.922123909e-01 5.602400750e-02 6.967388988e-01 1.193977966e+02 1.021680223e+02 6.610863079e+03
7.746617126e+01 7.315774536e+01 2.199936509e-01 3.041198850e-01 1.165555939e-01 -5.750065446e-01 -1.324933022e-01 4.165586457e-02 3.615033254e-02 -1.733505577e-01 7.915458679e-01 1.641173363e-01 1.212587833e+00 3.252489567e+00 3.613890409e+00 2.872300744e-01 3.434160709e+00 1.499773383e+00 3.249043226e+00 -5.737600327e-01 4.192628418e+03 -6.873710155e-01 2.047801018e+00 2.354336977e+00 1.936478730e+02 1.828777846e+02 1.119553086e+04
3.222253036e+01 3.086094856e+01 1.741498709e-01 2.227195352e-01 9.453642182e-03 1.257009208e-01 1.539177299e-01 1.372549087e-01 -3.997932374e-02 -5.297070369e-02 5.341396332e-01 -2.523598671e-01 2.605954707e-01 3.097641230e+00 5.140565395e+00 7.259517908e-02 1.594394803e+00 3.285193443e-01 4.158689976e+00 4.525046349e-01 2.079950684e+03 2.902460098e-01 5.010087490e-01 4.169171333e+00 4.280825491e+01 4.099936715e+01 1.778604253e+03
5.356731415e+01 3.902706528e+01 2.161202729e-01 3.285104409e-02 3.890386522e-01 -2.668197826e-02 -2.815452870e-03 1.074690148e-01 2.226426601e-01 1.561082602e-01 1.573555470e-01 7.427926064e-01 3.986767530e+00 8.261572719e-01 4.951696873e+00 1.320442855e-01 6.095013142e+00 5.009138584e-01 1.909176230e+00 -7.118496895e-01 2.456525879e+03 -1.430265903e-01 2.461604834e+00 3.928604364e+00 8.039992416e+01 5.857626313e+01 2.924728451e+03
7.152988434e+00 6.374147415e+00 2.935499325e-02 1.779194176e-02 8.786132187e-02 7.851565629e-02 1.289197356e-01 6.908115931e-03 6.154349446e-02 -3.968565166e-01 2.614846230e-01 -2.519915104e-01 5.651158333e+00 4.966382027e+00 5.014069557e+00 1.293524355e-01 1.799913764e+00 1.982711434e+00 3.584782839e+00 -8.537771702e-01 4.976382324e+03 -5.130434036e-01 2.229826450e+00 5.468776450e-02 2.133530039e+01 1.901224238e+01 1.576657065e+04
7.113722229e+01 7.030733490e+01 6.465788484e-01 1.137448102e-01 -1.268050373e-01 -1.550766081e-01 -3.656610474e-02 9.735029191e-03 -8.535788953e-02 3.006715141e-02 -1.122782230e-01 7.013411522e-01 6.153401375e+00 4.614797115e+00 1.256644130e+00 2.707919180e-01 1.874142528e+00 2.784228325e-01 4.629454613e+00 3.819508553e-01 4.722387207e+03 -1.769249439e-01 6.344168186e-01 2.995205402e+00 9.094344922e+01 8.988250223e+01 1.469848840e+03
7.632469177e+01 3.839755249e+01 3.764597774e-01 1.522074491e-01 -1.398633569e-01 6.677542329e-01 -1.965520717e-02 -4.801604450e-01 4.555044323e-02 -1.121512204e-01 4.213328362e-01 -5.237112045e-01 5.093943596e+00 6.088298798e+00 1.853277326e+00 1.504206061e-01 5.371921539e+00 7.417892218e-01 5.995294571e+00 -4.761118889e-01 2.200057861e+03 1.640686989e-01 1.546094656e+00 1.209290028e+00 1.329415255e+02 6.688044307e+01 4.705499769e+03
7.848705292e+01 3.705561829e+01 4.099689424e-02 3.637467027e-01 -2.417284437e-02 1.809648573e-01 2.279424220e-01 2.761121690e-01 -1.483600587e-01 3.559734523e-01 7.905006409e-02 -1.302325726e-01 4.523615837e+00 1.852283359e+00 6.057890415e+00 5.784848705e-02 6.200155258e+00 7.459003925e-01 2.165587664e+00 1.734631062e-01 4.658850586e+03 -7.464590073e-01 2.455619097e+00 2.048855305e+00 1.370305765e+02 6.469541851e+01 4.737417167e+03
2.973855782e+01 1.565626717e+01 3.944492638e-01 2.188935876e-01 -2.347419262e-01 -2.427313775e-01 1.357286572e-01 -3.895051405e-02 -7.227303833e-02 3.966380376e-03 4.797768593e-02 -5.034449100e-01 2.848878860e+00 2.901261091e+00 6.104537487e+00 1.258789301e-01 5.023940563e+00 3.327394128e-01 9.121373296e-01 -6.455500126e-01 2.926980286e+02 -3.579139709e-03 1.478253007e+00 2.065601051e-01 3.963374808e+01 2.086572431e+01 1.805149013e+03
1.357704830e+01 1.314025116e+01 1.246235240e-02 4.070582390e-01 6.479309499e-02 -2.500821054e-01 3.273917139e-01 8.615346998e-02 -7.282980531e-02 -1.412398517e-01 3.633401394e-01 7.525942326e-01 1.949086666e+00 3.604443789e+00 8.496426344e-01 1.197607517e-01 1.923469663e+00 2.911625206e-01 5.415724754e+00 6.060354710e-01 4.349643555e+03 -2.239625454e-01 5.661789775e-01 3.456375599e+00 1.753017591e+01 1.696619981e+01 1.547234654e+03
8.889698029e+00 8.237665176e+00 5.076310635e-01 2.210829854e-01 -3.470360339e-01 -1.351988912e-01 -1.253214628e-01 -2.373939604e-01 -3.137054145e-01 3.807559237e-02 1.938319206e-01 -1.631183624e-01 6.200238228e+00 6.079567432e+00 6.190214634e+00 4.250325635e-02 3.654814959e+00 1.481963396e+00 5.838515282e+00 3.690934181e-01 3.586451660e+03 -4.698610306e-02 1.336761713e-01 1.337303996e+00 2.206390511e+01 2.044558344e+01 1.103210653e+04
6.670165253e+01 4.594861984e+01 3.602792323e-01 2.049854696e-01 -1.178111061e-01 -1.313541271e-02 8.400551975e-02 2.145966291e-01 2.226942629e-01 -8.640427142e-02 1.199982166e-01 9.359200001e-01 5.902702808e+00 1.842305779e+00 3.586853981e+00 1.035422906e-01 4.654697895e+00 3.099814355e-01 2.051776409e+00 4.840312004e-01 4.306487305e+03 5.709457397e-02 9.487480521e-01 1.849815369e+00 8.737792653e+01 6.019183898e+01 1.662971132e+03
7.905716705e+01 3.620509338e+01 4.350447953e-01 2.269970030e-01 -1.643229276e-01 9.962185472e-02 -1.309025139e-01 4.204919040e-01 -1.629367918e-01 -7.634862792e-03 5.505435467e-01 8.879990578e-01 1.157831192e+00 3.187563419e+00 3.234611988e+00 8.369273692e-02 6.037677288e+00 1.281661749e+00 4.406594276e+00 9.091153145e-01 2.615802490e+03 -3.847684860e-01 2.306856632e+00 2.279035568e+00 1.803817140e+02 8.260777669e+01 9.224379278e+03
6.541526031e+01 3.086523819e+01 5.516778827e-01 2.194015980e-01 -8.648800105e-02 -1.027898714e-01 6.003881246e-02 -3.465202153e-01 2.134604305e-01 4.258991778e-01 1.872382164e-01 2.709348202e-01 1.901205182e+00 4.463581562e+00 3.467858076e+00 2.974534929e-01 1.981265783e+00 4.390464723e-01 1.644272447e+00 8.996536732e-01 8.931084595e+02 -4.909482002e-01 3.022010326e+00 3.692115784e+00 9.413559959e+01 4.441651213e+01 2.499498814e+03
6.541526031e+01 3.086523819e+01 5.516778827e-01 2.194015980e-01 -8.648800105e-02 -1.027898714e-01 6.003881246e-02 -3.465202153e-01 2.134604305e-01 4.258991778e-01 1.872382164e-01 2.709348202e-01 1.901205182e+00 4.463581562e+00 3.467858076e+00 2.974534929e-01 1.981265783e+00 4.390464723e-01 1.644272447e+00 8.996536732e-01 8.931084595e+02 -4.909482002e-01 3.022010326e+00 3.692115784e+00 9.413559959e+01 4.441651213e+01 2.499498814e+03
6.589759827e+01 4.656081772e+01 3.335647285e-02 6.398267299e-02 -2.534141243e-01 9.098362923e-02 7.231865078e-02 4.390626550e-01 -2.184916846e-02 -1.497926414e-01 6.586096287e-01 7.936260700e-01 1.196047425e+00 1.463188529e+00 1.955730438e+00 5.915388092e-02 2.692822456e+00 8.273524642e-01 3.589528561e+00 4.273421764e-01 1.294523804e+03 4.862754345e-01 5.394927263e-01 7.843660712e-01 1.204181386e+02 8.508302499e+01 5.379019160e+03
6.818703651e+00 5.593984604e+00 3.582614660e-01 7.533443626e-03 -4.582151398e-02 9.001504630e-02 -1.838327497e-01 -4.177332819e-01 -8.542623371e-02 6.971921772e-02 -1.281094551e-01 1.116950512e-01 5.376506805e+00 6.258774281e+00 8.772085905e-01 4.126959667e-02 5.834920883e+00 1.491314024e-01 8.917244673e-01 5.250921249e-01 1.476455078e+03 7.211668491e-01 1.215326667e+00 5.181946754e+00 7.835586489e+00 6.428223373e+00 7.315695469e+02
5.786606789e+00 5.370954514e+00 3.852678835e-01 2.726229429e-01 8.779597282e-02 3.151590005e-02 -2.803887427e-01 2.609374523e-01 -1.803111136e-01 1.027623788e-01 2.926335335e-01 -5.897183418e-01 5.004326344e+00 1.317464828e+00 8.671178818e-01 2.477645501e-02 1.456878066e+00 1.949198365e+00 2.857478142e+00 -7.836222649e-02 7.762745361e+02 6.485533714e-02 3.319008648e-01 3.870708466e+00 1.706585128e+01 1.584001027e+01 1.544160444e+04
2.396026421e+01 1.623563766e+01 2.031427622e-01 8.330452442e-02 1.932518780e-01 1.646164209e-01 1.942256391e-01 9.363271296e-02 -1.329811066e-01 -1.813643426e-01 -6.843862534e-01 7.315533161e-01 2.011190414e+00 2.410327345e-01 6.771611571e-01 1.686254442e-01 8.599917293e-01 3.468572497e-01 5.647426128e+00 3.836617470e-01 2.077909241e+02 -6.015634537e-02 2.180417441e-02 1.751886964e+00 3.227105555e+01 2.186708629e+01 1.894539634e+03
2.656439590e+01 2.125607300e+01 1.934862584e-01 2.730557323e-02 -1.465676278e-01 -1.771965176e-01 -1.670335531e-01 3.165205568e-02 -1.050999686e-01 8.346158080e-03 6.696498394e-01 3.105015755e-01 1.278653145e+00 3.832018137e+00 3.399864733e-01 8.981700242e-02 4.223049164e+00 2.944392264e-01 5.677099228e+00 4.335367680e-01 4.940868164e+03 -5.730304718e-01 4.306782186e-01 5.505052090e+00 3.438599608e+01 2.751469469e+01 1.567265210e+03
9.782670975e+00 9.114028931e+00 3.658586144e-01 1.959705800e-01 -1.081745848e-01 1.738342047e-01 5.065649748e-01 8.838849515e-02 -6.733431667e-02 4.915287718e-03 4.568901062e-01 7.212162018e-02 4.328890800e+00 2.789965868e+00 1.619103312e+00 1.954014450e-01 2.589107275e+00 2.152837217e-01 4.099054262e-02 4.508941174e-01 3.164729492e+03 -4.339714050e-01 6.213596091e-02 2.946399689e+00 1.188872079e+01 1.107613100e+01 1.098263204e+03
5.347417831e+01 3.771303558e+01 1.607510149e-01 1.359374821e-01 -6.502630562e-02 -1.890016496e-01 1.781955361e-01 5.237456784e-02 -1.781433821e-02 2.128611803e-01 8.780279160e-01 -8.820030689e-01 3.155104160e+00 1.721357226e+00 2.638050079e+00 3.603815436e-01 2.662574291e+00 6.681566834e-01 2.613615036e+00 9.530491829e-01 5.517034912e+02 -8.308002949e-01 4.814935923e-01 2.523298025e+00 8.920330795e+01 6.291125236e+01 4.141927151e+03
3.612132263e+01 3.009314537e+01 2.448555380e-01 3.594042957e-01 -3.329518810e-02 1.120040640e-01 2.487977594e-01 3.036586940e-01 -7.002502680e-02 -3.136598766e-01 -2.521266937e-01 -7.159111500e-01 2.146268368e+00 4.030176640e+00 2.766210794e+00 5.218926445e-02 2.519543409e+00 2.853290141e-01 2.038568497e+00 -8.936491013e-01 4.263732910e+03 9.645709991e-01 9.863051176e-01 3.220183134e+00 4.642778401e+01 3.867959287e+01 1.511702133e+03
7.113722229e+01 7.030733490e+01 6.465788484e-01 1.137448102e-01 -1.268050373e-01 -1.550766081e-01 -3.656610474e-02 9.735029191e-03 -8.535788953e-02 3.006715141e-02 -1.122782230e-01 7.013411522e-01 6.153401375e+00 4.614797115e+00 1.256644130e+00 2.707919180e-01 1.874142528e+00 2.784228325e-01 4.629454613e+00 3.819508553e-01 4.722387207e+03 -1.769249439e-01 6.344168186e-01 2.995205402e+00 9.094344922e+01 8.988250223e+01 1.469848840e+03
5.549544334e+00 5.044420242e+00 4.749097228e-01 5.591624975e-02 -2.360140532e-01 2.160413116e-01 -1.222999617e-01 1.041320562e-01 2.870538235e-01 -1.689913124e-01 -8.442864418e-01 6.985881329e-01 2.277476072e+00 2.142768145e+00 2.915885687e+00 3.846203089e-01 3.008496761e+00 2.126771212e+00 5.767624855e+00 3.620913029e-01 3.120044434e+03 1.036200523e-01 1.696514249e+00 2.053458691e+00 1.735215546e+01 1.577274799e+01 1.717490609e+04
7.017223358e+01 3.309412003e+01 4.652396590e-02 1.108678207e-01 -1.339672655e-01 -3.653376102e-01 -3.586214408e-02 -9.075766057e-02 -4.827081691e-03 2.347008288e-01 -8.021168709e-01 -9.445014000e-01 4.505087435e-01 2.125000238e+00 1.057770371e+00 5.885300413e-02 1.897156000e+00 4.158964157e-01 4.472242355e+00 3.042824268e-01 8.882051392e+02 -4.787492752e-01 1.860571146e+00 6.208573341e+00 9.935661401e+01 4.685784593e+01 2.344240985e+03
5.705393791e+00 5.028288364e+00 1.267143339e-01 3.521105349e-01 1.216804534e-01 -1.427835822e-01 3.768973947e-01 -3.567059040e-01 3.083026409e-01 9.823419154e-02 -2.694494724e-01 -4.057097435e-01 4.755313396e+00 3.357549191e+00 5.781572461e-01 4.250022024e-02 6.265182972e+00 1.732355356e+00 3.084317923e+00 9.420895576e-02 3.601710938e+03 -6.531009674e-01 2.716552258e+00 1.819872737e+00 1.558916328e+01 1.373907065e+01 1.336537858e+04
7.632469177e+01 3.839755249e+01 3.764597774e-01 1.522074491e-01 -1.398633569e-01 6.677542329e-01 -1.965520717e-02 -4.801604450e-01 4.555044323e-02 -1.121512204e-01 4.213328362e-01 -5.237112045e-01 5.093943596e+00 6.088298798e+00 1.853277326e+00 1.504206061e-01 5.371921539e+00 7.417892218e-01 5.995294571e+00 -4.761118889e-01 2.200057861e+03 1.640686989e-01 1.546094656e+00 1.209290028e+00 1.329415255e+02 6.688044307e+01 4.705499769e+03
3.222253036e+01 3.086094856e+01 1.741498709e-01 2.227195352e-01 9.453642182e-03 1.257009208e-01 1.539177299e-01 1.372549087e-01 -3.997932374e-02 -5.297070369e-02 5.341396332e-01 -2.523598671e-01 2.605954707e-01 3.097641230e+00 5.140565395e+00 7.259517908e-02 1.594394803e+00 3.285193443e-01 4.158689976e+00 4.525046349e-01 2.079950684e+03 2.902460098e-01 5.010087490e-01 4.169171333e+00 4.280825491e+01 4.099936715e+01 1.778604253e+03
4.101148987e+01 3.615174103e+01 5.861741900e-01 2.538482845e-01 -5.807669833e-02 2.265546173e-01 1.599982940e-02 -1.242088601e-01 -1.294859052e-01 -1.520834770e-02 4.357249737e-01 -2.043366432e-02 1.553384781e+00 5.406865120e+00 2.429337353e-01 1.384093016e-01 1.365059376e+00 6.081436276e-01 1.766310036e-01 1.434874535e-02 3.542268311e+03 -4.955859184e-01 2.855022669e+00 6.277217388e+00 6.595236609e+01 5.813719196e+01 3.694559531e+03
2.378084755e+01 2.100921822e+01 1.588349938e-01 4.974625707e-01 2.244831622e-01 -1.119260341e-01 1.059150100e-01 2.307569236e-01 1.829544269e-02 1.751301289e-01 9.141588211e-02 -6.796190739e-01 3.872671604e+00 4.613751411e+00 5.133307934e+00 1.267196983e-01 5.073484898e+00 4.003037214e-01 5.464632034e+00 -6.803631783e-02 4.642706543e+03 -1.314373016e-01 5.423989296e-01 2.844458103e+00 3.330040932e+01 2.941928645e+01 2.240902562e+03
7.361982346e+00 6.765101433e+00 4.266992956e-02 1.336313635e-01 2.426040620e-01 -8.527449518e-02 1.029053479e-01 -8.914820850e-03 4.192672670e-01 -1.496007740e-01 4.795379639e-01 3.001766205e-01 1.891211867e+00 4.803253651e+00 3.908308268e+00 2.899013460e-01 3.320034027e+00 1.241456568e-01 3.029525280e+00 3.838920593e-02 1.458897827e+03 -9.217207432e-01 2.405730247e+00 5.687807560e+00 8.275940479e+00 7.604959394e+00 5.994832687e+02
6.855167389e+01 6.520738220e+01 3.652296215e-02 2.152463198e-01 -3.121633232e-01 -2.812289894e-01 1.354002655e-01 -4.896070808e-02 -5.413159356e-02 -1.865756363e-01 5.115978718e-01 1.774253845e-01 3.441910744e+00 3.706920147e+00 2.689207077e+00 9.253931046e-02 2.843664169e+00 2.298648357e+00 3.595728159e+00 -3.551902771e-01 7.991527710e+02 -4.545395374e-01 3.132743597e+00 9.077751040e-01 2.261278665e+02 2.150962242e+02 1.887779703e+04
2.875696564e+01 7.152245522e+00 3.121970035e-02 1.462040544e-01 1.236522123e-01 7.695707679e-02 -3.045870736e-02 -4.515039921e-02 -7.973769307e-02 2.364188731e-01 6.876311302e-01 -9.257609844e-01 2.720412493e+00 3.400553942e+00 1.706112504e+00 8.628551662e-02 4.317487717e+00 2.507063448e-01 1.770992875e+00 -9.556200504e-01 1.385662231e+02 1.187021732e-01 1.945143104e+00 3.294860601e+00 3.596651938e+01 8.945358854e+00 1.304242592e+03
4.331325531e+01 2.843620682e+01 1.507971734e-01 3.263104856e-01 6.453441828e-02 -2.270777337e-02 -6.374312192e-02 -1.325766742e-01 -2.080121487e-01 1.727764606e-01 -2.256913185e-01 1.259927750e-01 4.441985130e+00 1.221112370e+00 5.667710304e+00 3.604210019e-01 3.328378797e-01 2.166062832e+00 3.197153091e+00 -3.818376064e-01 6.380724487e+02 6.153235435e-01 1.127043724e+00 5.952622890e+00 1.371324878e+02 9.003081748e+01 1.756210128e+04
1.191438007e+01 9.860720634e+00 3.650207520e-01 5.834709406e-01 5.471387133e-02 -4.301491752e-02 -1.632740498e-01 1.523981392e-01 -3.174161911e-01 -2.887924314e-01 -9.908847809e-01 3.451170921e-01 4.770560741e+00 4.147463143e-01 1.798761010e+00 1.471953839e-01 1.118950605e+00 1.816386133e-01 3.170067310e+00 -5.591194630e-01 3.206136475e+02 -1.795473099e-01 2.169926405e+00 2.540234089e+00 1.407849155e+01 1.165180826e+01 9.087532476e+02
6.674649715e+00 5.037887096e+00 8.884675801e-02 1.777985841e-01 7.636380941e-02 -1.082781702e-01 -5.588039756e-01 1.940834820e-01 1.265146136e-01 7.585513592e-02 -2.433867455e-01 -5.096023083e-01 1.655204296e+00 4.298421860e+00 5.126924992e+00 1.815724820e-01 3.151669264e+00 1.538597643e-01 2.576588154e+00 6.292343140e-02 2.393657471e+03 -2.058622837e-01 1.031085610e+00 4.715749264e+00 7.701609748e+00 5.813015218e+00 7.569714435e+02
4.158192825e+01 4.058991241e+01 1.725383289e-02 5.271522701e-02 7.352074236e-02 -5.287352949e-02 2.496474236e-01 1.900317520e-02 4.826698825e-02 2.337671369e-01 8.147771358e-01 6.866953373e-01 1.823317409e-01 2.311757088e+00 5.580690384e+00 1.527880728e-01 3.249464989e+00 1.778910398e+00 3.501459599e+00 -7.702603340e-01 3.034020996e+02 -8.862159252e-01 4.775077105e-02 8.885943294e-01 1.155524528e+02 1.127957297e+02 1.380709162e+04
3.418913651e+01 2.070011902e+01 1.080600098e-01 7.538609952e-02 2.194632739e-01 5.521949753e-02 -3.453496993e-01 2.251649946e-01 -8.207421750e-02 -1.542168409e-01 -2.650368214e-01 9.678351879e-01 6.264698982e+00 3.330115795e+00 9.952456951e-01 7.657614350e-02 5.465052605e+00 9.354976416e-01 2.446184158e+00 -4.901564121e-01 1.941492798e+03 5.892367363e-01 1.821628809e+00 1.400397182e+00 6.617299307e+01 4.006503154e+01 6.256157955e+03
6.832637024e+01 6.390560532e+01 2.203959972e-01 2.620436847e-01 7.553535700e-02 -2.859707177e-01 4.336708784e-02 -2.026357651e-01 -7.593079656e-02 -2.330834419e-02 -6.129269600e-01 -5.542397499e-01 4.620271683e+00 2.367466450e+00 5.998633385e+00 1.339798272e-01 5.059935570e+00 7.287433743e-01 1.364641428e+00 -3.938040733e-01 3.426470215e+03 6.980354786e-01 1.052883863e+00 3.881465197e+00 1.181187598e+02 1.104763918e+02 4.604525676e+03
2.396026421e+01 1.623563766e+01 2.031427622e-01 8.330452442e-02 1.932518780e-01 1.646164209e-01 1.942256391e-01 9.363271296e-02 -1.329811066e-01 -1.813643426e-01 -6.843862534e-01 7.315533161e-01 2.011190414e+00 2.410327345e-01 6.771611571e-01 1.686254442e-01 8.599917293e-01 3.468572497e-01 5.647426128e+00 3.836617470e-01 2.077909241e+02 -6.015634537e-02 2.180417441e-02 1.751886964e+00 3.227105555e+01 2.186708629e+01 1.894539634e+03
5.302730560e+01 3.512801361e+01 2.419004887e-01 4.103485346e-01 -1.432486176e-01 -1.039731875e-01 -4.801968113e-02 3.808599710e-02 -1.329404861e-01 9.724367410e-02 4.966220856e-01 -8.366181850e-01 1.644026756e+00 5.572016239e+00 3.121585131e+00 7.884561270e-02 3.885392189e+00 5.792666674e-01 6.275201797e+00 6.285901070e-01 1.951516968e+03 3.157234192e-01 7.022958398e-01 2.805180550e+00 8.374425620e+01 5.547650099e+01 3.483383848e+03
4.672040558e+01 4.515388870e+01 3.332644701e-01 2.282378078e-01 3.617786467e-01 2.168918699e-01 2.400702536e-01 -9.166931361e-02 -1.202469990e-01 -2.353488505e-01 8.520119190e-01 -4.366321564e-01 3.743486881e+00 5.265360832e+00 5.383860469e-01 6.393092126e-02 2.529972553e+00 1.061534286e+00 3.126792192e+00 4.219403267e-01 1.542906860e+03 -8.168795109e-01 5.563253164e-01 8.957916498e-01 9.631571793e+01 9.308628969e+01 7.310811619e+03
3.034349823e+01 2.064569473e+01 4.073966742e-01 8.882413805e-02 -5.971995592e-01 -2.049454898e-01 6.804583967e-02 -1.274470687e-01 -1.071484685e-01 8.443194628e-02 -9.755113125e-01 9.023432732e-01 5.461387634e+00 3.526661634e+00 3.431816339e+00 2.018181533e-01 4.419888020e+00 1.360306293e-01 5.045919895e+00 -4.542739391e-01 1.155020523e+02 6.894524097e-01 1.116865396e+00 5.057185888e-01 3.447114339e+01 2.345414158e+01 6.618600912e+02
3.809894943e+01 3.788851166e+01 1.863043904e-01 2.749552131e-01 -1.374682039e-01 2.981855571e-01 -1.412682384e-01 2.465832680e-01 2.617715001e-01 1.434103101e-01 2.530763149e-01 9.768166542e-01 5.657177448e+00 9.806159735e-01 3.842791319e+00 3.398741484e-01 5.722029209e+00 2.212514639e+00 4.245617867e+00 5.942120552e-01 1.566757080e+03 1.420550346e-01 2.080246925e+00 3.704929113e+00 1.223934328e+02 1.217173983e+02 1.802148079e+04
3.222253036e+01 3.086094856e+01 1.741498709e-01 2.227195352e-01 9.453642182e-03 1.257009208e-01 1.539177299e-01 1.372549087e-01 -3.997932374e-02 -5.297070369e-02 5.341396332e-01 -2.523598671e-01 2.605954707e-01 3.097641230e+00 5.140565395e+00 7.259517908e-02 1.594394803e+00 3.285193443e-01 4.158689976e+00 4.525046349e-01 2.079950684e+03 2.902460098e-01 5.010087490e-01 4.169171333e+00 4.280825491e+01 4.099936715e+01 1.778604253e+03
5.186093807e+00 5.185630322e+00 3.649297953e-01 1.718213409e-02 -3.683173656e-01 -6.551025808e-02 1.978793293e-01 2.135790884e-01 7.824345678e-02 2.327332348e-01 7.843351364e-01 -9.978418350e-01 4.083720684e+00 5.440419674e+00 4.640487671e+00 8.894823492e-02 4.947811604e+00 1.905703783e+00 1.415712953e+00 2.443737984e-01 4.169845215e+03 -6.290981770e-01 2.046216488e+00 5.534503937e+00 1.506925239e+01 1.506790564e+01 1.502141878e+04
6.406323242e+01 5.941405487e+01 1.156984791e-01 1.233606115e-01 -3.385693133e-01 1.128537804e-01 -6.786628067e-02 -2.905466221e-02 -8.823652752e-03 -2.756596208e-01 9.055104256e-01 -2.612783909e-01 6.179667950e+00 2.983243704e+00 1.755083799e+00 1.133247539e-01 2.053160667e+00 7.218204141e-01 5.871679306e+00 3.399925232e-01 2.417003784e+02 -4.967212677e-03 8.158249855e-01 2.616569042e+00 1.103053814e+02 1.023003326e+02 4.551134639e+03
4.184880066e+01 3.486771011e+01 1.552591920e-01 1.810957342e-01 5.579264164e-01 -1.382084638e-01 2.249788493e-01 -3.308830261e-01 -2.308383435e-01 4.660042003e-02 8.015081882e-01 -9.940447807e-01 4.208832264e+00 1.466079712e+00 6.996592879e-01 2.278972268e-01 2.930729628e+00 5.871123075e-01 6.219805479e-01 2.229011059e-01 4.717760742e+03 6.355075836e-01 1.596077085e+00 4.041592121e+00 6.641874658e+01 5.533897186e+01 3.540487034e+03
1.024472237e+01 5.285232067e+00 1.290340573e-01 1.392201334e-01 -7.411207259e-02 8.660653979e-02 -3.203270957e-02 2.172097713e-01 -1.791174561e-01 1.274620444e-01 7.813639641e-01 -1.422910690e-01 2.624321461e+00 3.836910009e+00 5.980401993e+00 3.173664585e-02 1.687530994e+00 9.819081426e-02 5.162842274e+00 -4.963612556e-01 1.733324097e+03 -8.389027119e-01 1.117515206e+00 1.229067683e+00 1.125066000e+01 5.804193307e+00 4.661762034e+02
5.356731415e+01 3.902706528e+01 2.161202729e-01 3.285104409e-02 3.890386522e-01 -2.668197826e-02 -2.815452870e-03 1.074690148e-01 2.226426601e-01 1.561082602e-01 1.573555470e-01 7.427926064e-01 3.986767530e+00 8.261572719e-01 4.951696873e+00 1.320442855e-01 6.095013142e+00 5.009138584e-01 1.909176230e+00 -7.118496895e-01 2.456525879e+03 -1.430265903e-01 2.461604834e+00 3.928604364e+00 8.039992416e+01 5.857626313e+01 2.924728451e+03
5.397809029e+00 5.319407940e+00 2.450997084e-01 2.808984220e-01 4.395756423e-01 -3.175103664e-01 4.772453904e-01 1.288824230e-01 -9.678456932e-03 1.458011717e-01 3.582305908e-01 8.565425873e-01 7.688621879e-01 6.018440723e-01 5.004163086e-02 1.431541890e-01 4.050134659e+00 1.546612620e+00 4.884076595e+00 8.366427422e-01 9.253117676e+02 -7.953438759e-01 1.230627179e+00 5.727912784e-01 1.374612859e+01 1.354647139e+01 1.162727316e+04
9.782670975e+00 9.114028931e+00 3.658586144e-01 1.959705800e-01 -1.081745848e-01 1.738342047e-01 5.065649748e-01 8.838849515e-02 -6.733431667e-02 4.915287718e-03 4.568901062e-01 7.212162018e-02 4.328890800e+00 2.789965868e+00 1.619103312e+00 1.954014450e-01 2.589107275e+00 2.152837217e-01 4.099054262e-02 4.508941174e-01 3.164729492e+03 -4.339714050e-01 6.213596091e-02 2.946399689e+00 1.188872079e+01 1.107613100e+01 1.098263204e+03
5.511383438e+01 4.607083130e+01 1.025811583e-01 2.640403509e-01 4.006377161e-01 -6.639665365e-02 -1.167705879e-01 -1.605485082e-01 -8.877953142e-02 1.395988017e-01 1.885128021e-01 -9.563138485e-01 2.421936989e-01 6.641178131e-01 2.839599371e+00 3.080882728e-01 2.820114374e+00 9.546846151e-01 2.996858597e+00 -2.015469074e-01 1.047887451e+03 6.358935833e-01 1.933410883e+00 3.726948738e+00 1.077301641e+02 9.005394515e+01 6.414563441e+03
3.034349823e+01 2.064569473e+01 4.073966742e-01 8.882413805e-02 -5.971995592e-01 -2.049454898e-01 6.804583967e-02 -1.274470687e-01 -1.071484685e-01 8.443194628e-02 -9.755113125e-01 9.023432732e-01 5.461387634e+00 3.526661634e+00 3.431816339e+00 2.018181533e-01 4.419888020e+00 1.360306293e-01 5.045919895e+00 -4.542739391e-01 1.155020523e+02 6.894524097e-01 1.116865396e+00 5.057185888e-01 3.447114339e+01 2.345414158e+01 6.618600912e+02
4.101148987e+01 3.615174103e+01 5.861741900e-01 2.538482845e-01 -5.807669833e-02 2.265546173e-01 1.599982940e-02 -1.242088601e-01 -1.294859052e-01 -1.520834770e-02 4.357249737e-01 -2.043366432e-02 1.553384781e+00 5.406865120e+00 2.429337353e-01 1.384093016e-01 1.365059376e+00 6.081436276e-01 1.766310036e-01 1.434874535e-02 3.542268311e+03 -4.955859184e-01 2.855022669e+00 6.277217388e+00 6.595236609e+01 5.813719196e+01 3.694559531e+03
6.944753170e+00 5.986792088e+00 9.404278398e-01 5.623969436e-01 2.993474947e-03 -1.113573313e-01 3.622085154e-01 4.150486887e-01 1.138822176e-02 3.546175659e-01 -1.657712460e-01 8.538453579e-01 5.090164661e+00 2.396313906e+00 6.000753403e+00 2.554079592e-01 5.549488544e+00 2.262300014e+00 5.052610874e+00 -6.407423019e-01 2.479419678e+03 -9.659662247e-01 2.617664099e+00 5.642824769e-01 2.265586837e+01 1.953071191e+01 1.851573125e+04
1.191438007e+01 9.860720634e+00 3.650207520e-01 5.834709406e-01 5.471387133e-02 -4.301491752e-02 -1.632740498e-01 1.523981392e-01 -3.174161911e-01 -2.887924314e-01 -9.908847809e-01 3.451170921e-01 4.770560741e+00 4.147463143e-01 1.798761010e+00 1.471953839e-01 1.118950605e+00 1.816386133e-01 3.170067310e+00 -5.591194630e-01 3.206136475e+02 -1.795473099e-01 2.169926405e+00 2.540234089e+00 1.407849155e+01 1.165180826e+01 9.087532476e+02
3.645293045e+01 2.156926346e+01 7.834905982e-01 3.864081949e-02 4.037588090e-02 -1.468822807e-01 -1.121061072e-01 3.725472838e-02 -1.078749821e-01 1.906014793e-02 9.010744095e-01 7.164077759e-01 1.695176125e+00 5.704178333e+00 5.574234486e+00 1.284486502e-01 2.680877209e+00 1.105501533e+00 2.974883080e+00 6.895084381e-01 2.473942383e+03 3.633496761e-01 2.862416506e+00 4.473117352e+00 7.675170093e+01 4.541411727e+01 7.686155212e+03
7.567317200e+01 6.372683334e+01 2.237644345e-01 1.611649543e-01 -1.934614219e-02 1.506231911e-02 6.445743144e-02 -3.958255798e-02 1.302673072e-01 -6.266721338e-02 -4.911010265e-01 9.892749786e-02 5.304263234e-01 3.824331164e-01 5.293988705e+00 1.793642715e-02 5.442679405e+00 1.006625533e+00 4.306143284e+00 3.078241348e-01 5.065334167e+02 -3.177800179e-01 2.083707333e+00 4.962375462e-01 1.518477191e+02 1.278758909e+02 6.847326840e+03
2.973855782e+01 1.565626717e+01 3.944492638e-01 2.188935876e-01 -2.347419262e-01 -2.427313775e-01 1.357286572e-01 -3.895051405e-02 -7.227303833e-02 3.966380376e-03 4.797768593e-02 -5.034449100e-01 2.848878860e+00 2.901261091e+00 6.104537487e+00 1.258789301e-01 5.023940563e+00 3.327394128e-01 9.121373296e-01 -6.455500126e-01 2.926980286e+02 -3.579139709e-03 1.478253007e+00 2.065601051e-01 3.963374808e+01 2.086572431e+01 1.805149013e+03
4.360626602e+01 4.016912460e+01 4.291110933e-01 2.183682844e-02 -2.310715914e-01 3.200157583e-01 -2.000198215e-01 2.001643479e-01 1.509983744e-02 -1.917538606e-02 -7.185270786e-01 -9.572939873e-01 2.837609768e+00 4.896063805e+00 9.529578686e-01 2.793291509e-01 2.587494612e+00 4.637964368e-01 6.124924660e+00 -8.058121204e-01 1.489356934e+03 -1.793842316e-01 4.123341143e-01 7.013992667e-01 6.383069682e+01 5.879942146e+01 2.667846734e+03
6.080080509e+00 5.669870853e+00 7.611598074e-02 6.065126657e-01 -6.031262875e-02 8.217266947e-02 1.836263239e-01 2.693191767e-01 1.815799028e-01 -1.062755212e-01 -7.728257179e-01 4.142003059e-01 3.101447105e+00 3.174220562e+00 2.095430613e+00 1.974555850e-01 3.548424244e-01 1.661680579e+00 4.699536800e+00 2.962415218e-01 4.315432129e+03 4.699716568e-01 5.930876732e-01 3.111456156e+00 1.618323221e+01 1.509138514e+01 1.269933549e+04
4.148107147e+01 3.041778755e+01 6.635373831e-02 2.911927402e-01 -3.220648766e-01 2.702821493e-01 -2.876477540e-01 1.038022637e-01 2.563082380e-03 3.096602857e-01 1.382939816e-01 9.268474579e-02 1.437701821e+00 3.407264948e-01 4.166360855e+00 1.211748347e-01 6.065960884e+00 1.901691854e-01 1.673446536e+00 9.962937832e-01 9.297001343e+02 -9.845058918e-01 2.473481178e+00 4.973236322e-01 4.936949304e+01 3.620231343e+01 9.562230271e+02
5.263838291e+00 5.252027512e+00 7.457812130e-02 1.897303760e-01 8.635075390e-02 -8.806822449e-02 -2.725246847e-01 3.770948574e-02 -1.953749955e-01 -3.493328020e-02 -9.342861176e-01 7.254958153e-02 1.248134613e+00 5.075150967e+00 8.349102736e-01 6.957434863e-02 6.775333881e-01 1.674730182e+00 5.119533539e-01 -3.270730972e-01 5.759148560e+02 6.696932316e-01 7.829272151e-01 5.578243256e+00 1.407934715e+01 1.404775650e+01 1.282189520e+04
9.610593796e+00 9.569442749e+00 2.808855176e-01 6.322038919e-02 1.623652130e-01 2.188283950e-03 -3.985126019e-01 -5.256507993e-01 -1.613981128e-01 1.547957957e-01 8.692278862e-01 6.715407372e-01 5.900277615e+00 2.339988232e+00 1.250531435e+00 5.925735831e-02 5.890182972e+00 1.608015180e+00 4.895724773e+00 3.390467167e-01 4.786505859e+03 -9.974963665e-01 1.869606495e+00 2.178278208e+00 2.506457450e+01 2.495725195e+01 1.219738363e+04
7.848705292e+01 3.705561829e+01 4.099689424e-02 3.637467027e-01 -2.417284437e-02 1.809648573e-01 2.279424220e-01 2.761121690e-01 -1.483600587e-01 3.559734523e-01 7.905006409e-02 -1.302325726e-01 4.523615837e+00 1.852283359e+00 6.057890415e+00 5.784848705e-02 6.200155258e+00 7.459003925e-01 2.165587664e+00 1.734631062e-01 4.658850586e+03 -7.464590073e-01 2.455619097e+00 2.048855305e+00 1.370305765e+02 6.469541851e+01 4.737417167e+03
7.668103790e+01 4.908473587e+01 5.290500447e-02 6.555176973e-01 2.868103087e-01 6.109994650e-02 -1.138579473e-01 -1.164707318e-01 6.281311065e-02 -3.798902035e-01 7.288370132e-01 -9.271383286e-01 5.019322872e+00 5.473004818e+00 4.027917385e+00 8.617462963e-02 1.143169999e+00 8.750972152e-01 6.094156742e+00 -8.351128101e-01 3.636922607e+03 4.976975918e-01 1.737721682e+00 1.888901144e-01 1.437844006e+02 9.203865154e+01 5.762881118e+03
5.684768677e+01 3.910274887e+01 4.221608043e-01 3.354039788e-01 -4.298119545e-01 -2.339955866e-01 -2.839223742e-01 7.256273925e-02 2.054959536e-01 -3.086500764e-01 -2.389583588e-01 -8.618855476e-02 4.867093563e-01 1.764480233e+00 3.943808556e+00 5.495163426e-02 1.959054589e+00 5.541772842e-01 4.487201214e+00 -7.251756191e-01 1.185093140e+03 -1.338753700e-01 2.831071377e+00 5.730670929e+00 8.835138344e+01 6.077260405e+01 3.302165510e+03
5.356171131e+00 5.313873291e+00 5.959284306e-02 3.800328672e-01 2.945217490e-02 1.688327789e-01 -7.687632740e-02 -3.433645144e-02 1.749290675e-01 -2.192197554e-02 8.971881866e-01 9.226942062e-01 5.028071404e+00 3.059807777e+00 4.803197384e+00 1.094731763e-01 4.542684078e+00 1.823657751e+00 3.266991138e+00 -3.074548244e-01 1.177361572e+03 5.199449062e-01 8.449406624e-01 6.013526917e+00 1.512399413e+01 1.500455951e+01 1.423379637e+04
7.092903137e+01 6.423782349e+01 5.880851150e-01 1.073509604e-01 4.228474796e-01 1.068872809e-01 -1.015127227e-01 -1.318722516e-01 -3.905753195e-01 1.159964800e-01 5.874950886e-01 8.695633411e-01 6.737748384e-01 8.794690967e-01 3.487132490e-01 4.635170102e-02 5.334116459e+00 1.317532182e+00 1.735814691e+00 9.308421612e-01 3.772320068e+03 1.699783802e-01 7.205912471e-01 4.429252625e+00 1.643803128e+02 1.488732232e+02 9.543810653e+03
2.884938622e+01 1.860307693e+01 4.417890608e-01 1.325006131e-02 -1.327777356e-01 -7.932069898e-02 2.620055676e-01 3.173496425e-01 -7.357368618e-02 -7.364135236e-02 -4.757809639e-01 6.876535416e-01 1.895976305e+00 3.407358646e+00 4.150095463e+00 1.002901122e-01 3.439300358e-01 3.269500434e-01 1.388230205e+00 -9.276494980e-01 1.394354736e+03 -1.551103592e-02 1.482015371e+00 2.366397679e-01 3.828169429e+01 2.468535375e+01 1.768753950e+03
6.036848068e+01 5.251666260e+01 2.627436519e-01 1.483127754e-02 -2.962687314e-01 -4.662445188e-01 5.525190383e-02 -2.972720265e-01 9.088548273e-02 1.975816209e-03 4.836909771e-01 3.542017937e-01 1.215055823e+00 4.283983707e+00 3.326596260e+00 1.246537268e-01 2.968121767e+00 1.326035619e+00 3.443285942e+00 1.329081059e-01 4.756561523e+03 5.522284508e-01 1.449492455e+00 3.304268837e+00 1.404192363e+02 1.221556278e+02 9.619822725e+03
4.850315094e+01 3.645812988e+01 5.359356850e-02 1.109720245e-01 2.258392125e-01 -1.904768199e-01 -7.375926361e-04 -2.138203382e-02 -1.503105159e-03 2.271081060e-01 8.927896023e-01 -3.568730354e-01 2.602331877e+00 3.409849167e+00 5.651470661e+00 2.369006127e-01 3.106810808e+00 7.848477960e-01 5.029358387e+00 7.292594910e-01 2.262652832e+03 3.849973679e-01 1.152111411e+00 4.011123180e+00 8.657074205e+01 6.507221277e+01 5.042048848e+03
5.503637314e+00 5.420206070e+00 2.349866182e-01 2.578424215e-01 4.451102912e-01 3.635957837e-01 -7.867336273e-02 -2.322463989e-01 -1.481612772e-01 2.399342507e-02 7.142887115e-01 1.405777931e-01 4.735923290e+00 2.108602762e+00 1.311426997e+00 6.627854705e-02 5.713704228e-01 1.558126658e-01 4.272022247e+00 2.287430763e-01 2.623970215e+03 7.366847992e-01 2.326935768e+00 1.875529051e+00 6.361173715e+00 6.264742827e+00 7.675000881e+02
6.589759827e+01 4.656081772e+01 3.335647285e-02 6.398267299e-02 -2.534141243e-01 9.098362923e-02 7.231865078e-02 4.390626550e-01 -2.184916846e-02 -1.497926414e-01 6.586096287e-01 7.936260700e-01 1.196047425e+00 1.463188529e+00 1.955730438e+00 5.915388092e-02 2.692822456e+00 8.273524642e-01 3.589528561e+00 4.273421764e-01 1.294523804e+03 4.862754345e-01 5.394927263e-01 7.843660712e-01 1.204181386e+02 8.508302499e+01 5.379019160e+03
5.684768677e+01 3.910274887e+01 4.221608043e-01 3.354039788e-01 -4.298119545e-01 -2.339955866e-01 -2.839223742e-01 7.256273925e-02 2.054959536e-01 -3.086500764e-01 -2.389583588e-01 -8.618855476e-02 4.867093563e-01 1.764480233e+00 3.943808556e+00 5.495163426e-02 1.959054589e+00 5.541772842e-01 4.487201214e+00 -7.251756191e-01 1.185093140e+03 -1.338753700e-01 2.831071377e+00 5.730670929e+00 8.835138344e+01 6.077260405e+01 3.302165510e+03
7.113722229e+01 7.030733490e+01 6.465788484e-01 1.137448102e-01 -1.268050373e-01 -1.550766081e-01 -3.656610474e-02 9.735029191e-03 -8.535788953e-02 3.006715141e-02 -1.122782230e-01 7.013411522e-01 6.153401375e+00 4.614797115e+00 1.256644130e+00 2.707919180e-01 1.874142528e+00 2.784228325e-01 4.629454613e+00 3.819508553e-01 4.722387207e+03 -1.769249439e-01 6.344168186e-01 2.995205402e+00 9.094344922e+01 8.988250223e+01 1.469848840e+03
6.890982056e+01 5.495256042e+01 4.701044559e-01 5.103232265e-01 -4.652507231e-02 -1.848592758e-01 -3.577401340e-01 -7.248193771e-02 1.158290133e-01 3.273540437e-01 -1.389133930e-01 -6.964414120e-01 2.479821682e+00 2.644948483e+00 5.029742718e+00 6.791852415e-02 5.501319885e+00 1.562332988e+00 1.281758547e+00 -1.770248413e-01 3.427852051e+03 -8.088033199e-01 1.004442453e+00 5.766272068e+00 1.765699064e+02 1.408067583e+02 1.177279468e+04
